T,31.136901149,35.815139663,985.7,,
T,31.039022512,35.533041619,-21.3,,
T,30.877803087,35.298709762,-233.5,,
T,30.778969438,35.016499131,298.5,,
T,30.579719821,34.708457211,922.6,,
T,30.430783778,34.410415032,568.9,,
T,30.292627073,34.053678839,276.9,,
T,30.102474605,33.687809133,352.0,,
T,29.937855981,33.455953975,446.1,,
T,29.746624315,33.089861834,511.1,,
T,29.642787689,32.809202994,75.4,,
T,29.438250898,32.499979283,3.1,,
T,29.132762568,32.168091425,300.8,,
T,29.031916808,32.145493100,215.7,,
T,29.361265516,32.350972563,857.0,,
T,29.665630209,32.684617355,0.0,,
T,30.098175650,33.171978586,566.3,,
T,30.287442443,33.281201596,383.2,,
T,30.681145050,33.955613266,285.6,,
T,31.032249544,34.561039119,273.7,,
T,31.305373106,35.276275279,293.9,,
T,31.552981577,35.853463530,610.6,,
T,31.697600278,36.405615421,691.0,,
T,31.868690750,36.834155752,499.2,,
T,31.952164929,37.175642345,605.7,,
T,31.934104311,37.490901492,671.8,,
T,31.636739432,37.157611726,561.2,,
T,31.140576815,36.522435685,934.2,,
T,30.684145423,35.955092023,915.3,,
T,30.486898091,35.647930930,1225.5,,
T,30.002336830,34.951103238,454.1,,
T,29.403884164,34.287153541,865.5,,
T,28.812459806,33.570517076,656.5,,
T,28.281889532,33.063802738,42.2,,
T,27.862871069,32.511126434,662.6,,
T,27.384857306,32.263887208,613.6,,
T,27.639900106,32.583171637,486.1,,
T,28.046954551,33.197161292,151.5,,
T,28.702328883,33.861169915,1204.3,,
T,28.778326886,34.006867344,1314.9,,
T,29.390166753,34.864003685,0.0,,
T,30.036018959,35.785507324,1074.8,,
T,30.698462715,36.849266041,822.8,,
T,31.207941705,37.871125577,609.8,,
T,31.689675812,38.765255878,851.2,,
T,32.017012379,39.621418020,891.2,,
T,32.345440870,40.033792914,791.0,,
T,32.195571028,39.546559192,870.3,,
T,31.854001504,38.747569965,884.0,,
T,31.313119162,37.645468980,513.9,,
T,30.617916058,36.257502298,899.5,,
T,30.001612765,35.205663120,423.2,,
T,29.852240732,34.913971286,581.4,,
T,29.190763069,34.042092207,1153.7,,
T,28.523653647,33.438362392,155.4,,
T,27.973559712,33.306322663,47.3,,
T,27.862120968,33.341129694,65.5,,
T,27.779552149,33.762233087,0.0,,
T,27.736043501,34.503019686,0.0,,
T,28.085401225,35.589003938,415.2,,
T,28.548242870,36.828660830,948.5,,
T,29.114477039,38.031637342,791.9,,
T,29.759658908,39.085341272,682.9,,
T,30.561593908,40.130582046,799.0,,
T,31.186587377,40.819764140,637.7,,
T,31.728150939,41.425298312,485.1,,
T,32.374068710,41.628934297,463.8,,
T,32.672588548,41.724070572,442.5,,
T,33.017277035,41.642618263,409.9,,
T,33.193192250,41.378006011,454.7,,
T,33.328754734,40.842193358,539.6,,
T,33.190520856,40.093502661,719.6,,
T,32.705480802,38.988692833,807.9,,
T,31.887374788,37.926250011,671.0,,
T,30.870798640,37.022631191,686.1,,
T,29.608461057,36.303552566,794.2,,
T,28.529797166,35.956787022,1140.4,,
T,28.381117095,35.917951294,1225.9,,
T,27.540229190,35.938219729,516.2,,
T,27.106898783,36.491613836,377.8,,
T,26.880236261,37.274116677,1134.3,,
T,26.815898761,37.557408162,1288.9,,
T,27.055107205,38.772273869,1004.1,,
T,27.534429021,40.239468237,897.8,,
T,27.686976427,40.467195100,952.7,,
T,28.517741406,41.936822006,728.2,,
T,29.460014944,42.971665585,514.0,,
T,30.735183520,43.959974610,298.2,,
T,31.898549327,44.428060802,20.7,,
T,32.886142809,44.780046557,29.4,,
T,33.660351753,44.740112296,41.2,,
T,34.143032165,44.394656688,64.8,,
T,34.473459139,43.795200654,94.9,,
T,34.626095767,42.805608792,157.9,,
T,34.441463016,41.181205149,178.7,,
T,33.868662668,39.518716731,640.3,,
T,33.100522956,37.998246952,678.9,,
T,32.890736082,37.746506955,665.1,,
T,31.684000390,36.466802767,644.0,,
T,30.387001516,35.622279232,1262.2,,
T,29.253106599,35.267971129,1072.2,,
T,29.053889256,35.217417891,1240.9,,
T,28.258046427,35.760264513,1026.5,,
T,27.894040028,36.711796032,1154.5,,
T,27.720540007,37.940993185,1019.4,,
T,27.996836203,39.422263331,982.8,,
T,28.646279730,40.826951856,820.4,,
T,28.861779978,41.015346695,798.5,,
T,29.783651378,42.348752220,502.9,,
T,31.269153638,43.772483426,261.0,,
T,32.621668336,44.558205199,27.1,,
T,33.844886136,45.064099420,43.8,,
T,34.649873117,45.161077338,359.5,,
T,35.303492436,44.809084547,645.8,,
T,35.588708454,44.183411212,303.9,,
T,35.761752352,42.916461879,218.6,,
T,35.593445342,41.202652811,214.7,,
T,34.807459629,39.253049063,341.4,,
T,33.754827461,37.720017804,809.0,,
T,32.394027567,36.387090300,736.4,,
T,32.205768834,36.274289708,618.0,,
T,30.949721966,35.703140034,557.4,,
T,30.085727705,35.798724875,1055.4,,
T,29.329599871,36.853219437,1090.4,,
T,29.178427437,37.060122657,1130.6,,
T,28.776714579,38.797304389,802.0,,
T,28.778464805,40.928637271,812.0,,
T,29.231584660,42.834795748,606.0,,
T,29.946697788,44.114138250,397.9,,
T,30.860235247,45.241139498,104.4,,
T,31.875929231,45.861265115,12.0,,
T,32.860446309,45.849606525,24.4,,
T,33.712324678,45.144588623,45.0,,
T,34.305299323,43.802762324,70.2,,
T,34.708134772,41.853126043,328.9,,
T,34.681234230,39.548078051,329.6,,
T,34.117405965,37.085012421,868.0,,
T,32.980674099,35.154875902,83.4,,
T,31.537831701,33.898045758,0.0,,
T,29.810904347,33.297513731,536.8,,
T,28.262551694,33.440131544,0.0,,
T,27.815076167,33.582903013,0.0,,
T,26.191262306,34.652926667,0.0,,
T,24.611872824,36.448305759,,,
T,23.352443152,39.184772749,154.3,,
T,22.686600979,41.794528976,935.4,,
T,22.435700154,44.390804722,896.9,,
T,22.501012392,46.637819874,604.3,,
T,22.940878384,48.928032145,251.5,,
T,23.032327392,49.136864430,136.7,,
T,24.042132329,50.759850591,105.2,,
T,24.272456767,51.029868379,36.3,,
T,25.548910334,51.856815441,0.0,,
T,27.139294830,51.934827702,0.0,,
T,27.410705833,51.930981048,0.0,,
T,28.876015699,51.095443272,51.6,,
T,30.230440988,49.384458106,-0.8,,
T,31.175224648,46.969780147,2.6,,
T,31.910401099,43.992975842,72.0,,
T,31.941795318,41.429222641,495.1,,
T,31.246554032,38.388351775,783.5,,
T,29.759766578,36.091770544,989.2,,
T,28.011118929,34.945523917,0.0,,
T,25.964268877,34.224136024,231.8,,
T,23.991470810,34.413412845,375.9,,
T,22.388128660,35.332040265,414.3,,
T,21.219140002,37.091512022,15.4,,
T,20.476536864,39.552157282,0.0,,
T,20.458898730,39.829256465,34.7,,
T,20.469605936,42.766333457,1236.2,,
T,21.162002771,45.820664678,745.2,,
T,22.376064222,48.540533777,281.1,,
T,24.071860932,50.830707666,81.6,,
T,26.176869309,52.549544361,,,
T,28.051330516,53.261600812,656.3,,
T,29.560222298,53.021710466,1575.2,,
T,30.696362856,51.901886605,2657.6,,
T,31.287599403,50.206807833,1529.6,,
T,31.838904519,47.855932988,16.8,,
T,31.873894577,47.555315000,12.8,,
T,31.801527145,44.581955123,20.5,,
T,30.851562436,41.090327603,560.5,,
T,29.216703360,38.493178772,735.0,,
T,26.946776933,36.507659235,272.9,,
T,24.805583926,35.546736928,0.0,,
T,22.758608561,35.321183433,367.5,,
T,21.289642330,36.532053656,660.2,,
T,20.437457048,38.629785718,,,
T,20.600251966,41.117454517,1707.4,,
T,20.663595582,41.476993169,1483.1,,
T,21.837501102,43.901622683,1160.1,,
T,23.751896573,46.170437941,770.8,,
T,25.762099198,47.553167572,454.6,,
T,27.886307754,48.254103026,100.3,,
T,29.377076865,47.932138626,0.0,,
T,30.495221639,46.893833288,39.1,,
T,31.136198681,45.217135420,22.9,,
T,31.247270041,44.822410084,49.8,,
T,31.573087206,41.816365640,374.8,,
T,31.111997241,38.730752059,772.1,,
T,29.986193005,35.772234405,1125.0,,
T,29.788458942,35.469311194,857.4,,
T,28.061107689,33.392135005,0.0,,
T,27.797483810,33.133354210,301.3,,
T,27.609441078,33.021908685,704.0,,
T,25.458719276,31.915745400,439.2,,
T,23.639266212,31.502338324,339.8,,
T,21.902268401,32.077063086,412.3,,
T,20.612715287,33.337161621,310.3,,
T,19.767522323,35.206874477,507.9,,
T,19.548982079,37.445333215,0.0,,
T,20.094597475,40.223629738,0.0,,
T,21.343745531,43.225384672,865.3,,
T,21.444435919,43.428800337,832.6,,
T,23.005006742,45.673839224,675.6,,
T,23.211965005,45.861962300,610.1,,
T,24.970707611,47.372148669,595.9,,
T,26.631848928,48.004226609,279.8,,
T,27.984460289,47.931687255,178.3,,
T,29.094033444,47.091230554,248.0,,
T,29.718213571,45.498731549,247.9,,
T,29.853106483,43.286969666,410.4,,
T,29.240903594,40.768063029,752.1,,
T,29.165190509,40.439690652,771.4,,
T,28.027489870,37.970316584,993.1,,
T,26.221146463,35.515547754,0.0,,
T,23.988613193,33.624119236,352.7,,
T,21.788744315,32.711155630,418.0,,
T,19.742986703,32.553501643,352.3,,
T,18.196608044,33.336419171,451.3,,
T,17.539536860,34.765470590,378.2,,
T,17.690772590,36.872710647,699.9,,
T,17.732745995,37.169488875,233.7,,
T,18.915922186,39.625334447,,,
T,20.753346577,42.127930798,1270.5,,
T,23.063442618,44.034441166,899.9,,
T,25.409451984,45.199584062,706.3,,
T,27.302668246,45.583318564,484.2,,
T,28.668433128,44.878840117,428.3,,
T,29.755766573,43.253937549,448.3,,
T,29.785805545,43.142088378,420.0,,
T,30.371646094,40.257861355,720.0,,
T,30.442269280,39.970278145,804.2,,
T,30.364603343,39.637618925,797.3,,
T,30.122720427,35.871493228,986.7,,
T,29.031916808,32.145493100,215.7,,
T,27.290329083,29.123968352,242.7,,
T,25.360503579,27.173479022,427.2,,
T,23.419848516,26.111006054,1033.9,,
T,22.094096371,26.450341816,640.2,,
T,21.624202830,27.630533120,367.5,,
T,21.802381723,29.769007299,295.4,,
T,22.768203759,32.561036638,179.0,,
T,22.826326082,32.820168974,281.2,,
T,24.363529640,35.662515762,0.0,,
T,26.019500017,37.387030923,436.9,,
T,27.658708190,38.651671589,827.1,,
T,28.833651602,38.998226676,768.6,,
T,29.525879328,38.520430492,721.5,,
T,30.010491417,37.100474903,920.2,,
T,30.014951937,34.890509691,526.7,,
T,29.954627678,34.422074380,560.1,,
T,29.282816024,31.346655849,126.6,,
T,28.287519972,28.812358063,131.2,,
T,28.164373678,28.588434448,171.5,,
T,26.665193203,26.906297182,249.4,,
T,25.145547769,26.382558736,526.2,,
T,23.875497861,27.148476717,534.2,,
T,23.296520436,29.022028433,271.4,,
T,23.259809587,29.267256332,257.4,,
T,23.447119836,31.698713597,347.3,,
T,24.219947212,34.052854248,341.3,,
T,25.409858770,35.895538494,,,
T,26.612937905,36.836978541,304.9,,
T,27.264250409,36.959699698,1199.0,,
T,27.242744483,36.346849705,439.1,,
T,26.402932993,34.893373349,0.0,,
T,24.919081568,33.141137577,175.6,,
T,23.205700889,31.574520791,176.3,,
T,21.602885442,30.712518426,276.6,,
T,20.952291419,30.779182841,262.2,,
T,20.834234296,31.173925371,331.3,,
T,21.202789443,32.423998383,643.5,,
T,22.183296979,34.265798356,340.2,,
T,23.738938056,36.138464095,0.0,,
T,25.468052663,37.291315854,134.9,,
T,27.204679476,37.911410224,1131.7,,
T,24.940026835,26.737078200,587.5,,
T,24.103116674,28.580906980,333.6,,
T,23.821133868,31.364316776,343.7,,
T,24.253802866,33.880105257,296.8,,
T,25.238344422,36.209201161,0.0,,
T,26.470715371,37.695623179,774.5,,
T,27.423093241,38.096419738,1035.8,,
T,28.201120138,37.898282251,1028.6,,
T,28.421161795,37.162809693,976.0,,
T,28.318998774,35.963468378,1195.0,,
T,27.624704584,34.536303789,0.0,,
T,26.320800897,33.196287758,311.4,,
T,24.921895078,32.273813643,449.2,,
T,23.426475800,31.816311634,384.4,,
T,22.579596615,32.145648705,225.9,,
T,22.401480349,33.129409938,280.7,,
T,22.885036601,34.704325776,416.0,,
T,24.083948202,36.711053391,,,
T,25.643729224,38.115434317,263.8,,
T,27.523610335,39.216492137,1016.6,,
T,28.624907883,39.426919658,890.4,,
T,29.394035531,38.853786378,726.6,,
T,23.611957095,29.036213144,288.5,,
T,29.642787689,32.809202994,75.4,,
T,29.293502946,30.690379514,9.5,,
T,28.542780536,28.526471609,250.2,,
T,27.539395540,27.091500239,182.7,,
T,26.348997734,26.499484271,291.1,,
T,26.091155694,26.446416869,319.2,,
T,24.862776229,27.321363545,482.2,,
T,24.150797405,30.000800818,241.2,,
T,24.082579575,30.428801942,152.8,,
T,24.796193960,33.786144452,360.7,,
T,25.040772037,34.403086994,594.7,,
T,26.233647025,36.188677735,0.0,,
T,28.171731392,37.340011158,935.9,,
T,28.904944386,37.109465442,1144.9,,
T,29.389167606,35.617031597,1301.4,,
T,29.452280869,35.318898960,965.8,,
T,28.917287012,31.332688750,199.7,,
T,28.781507722,30.911709633,24.9,,
T,28.735265972,30.571336539,114.7,,
T,28.608907173,30.077069294,164.3,,
T,28.458818733,29.713362499,138.6,,
T,28.317833134,29.285356860,171.0,,
T,27.043512192,26.849175613,181.6,,
T,26.770323744,26.518189118,233.5,,
T,25.815636604,26.118308466,362.5,,
T,25.232001614,26.538059457,523.9,,
T,24.870381661,27.657102003,438.2,,
T,25.076519769,29.144493070,314.5,,
T,25.190590540,29.431505382,300.4,,
T,26.101402920,30.936936796,319.3,,
T,27.106502307,32.067438594,487.8,,
T,27.334766165,32.251417544,600.0,,
T,28.278614950,32.806479862,374.8,,
T,28.440234813,32.781446963,252.6,,
T,27.969803429,32.217334492,761.7,,
T,27.222876524,31.713505621,387.2,,
T,26.436991367,31.713381126,60.8,,
T,25.949003223,32.098778491,149.0,,
T,25.866980579,32.830005618,76.0,,
T,26.302014672,33.567258799,569.9,,
T,27.140523735,34.347728935,0.0,,
T,27.723974088,34.562316708,0.0,,
T,28.183129893,34.618496593,0.0,,
T,28.367458618,34.225328966,1013.6,,
T,28.383332688,33.087686055,0.0,,
T,28.064664052,31.404859430,300.4,,
T,27.644962748,29.865104351,130.3,,
T,27.218481632,28.909820202,240.9,,
T,27.116643758,28.887091873,261.0,,
T,27.564349511,29.714447742,187.7,,
T,28.130177228,31.033465559,156.3,,
T,28.702298153,31.940738234,443.2,,
T,28.981499084,32.134216978,215.9,,
T,28.726079498,31.226161706,157.7,,
T,28.303915501,30.014250956,130.3,,
T,27.849392084,28.918763411,241.9,,
T,27.686634572,28.948551364,217.3,,
T,28.050143644,29.959825356,131.2,,
T,28.708893611,31.615665007,277.2,,
T,29.332053616,33.056738681,202.6,,
T,29.927519734,33.774154092,395.0,,
T,30.178659162,33.834306845,319.2,,
T,30.042934911,32.638980994,41.9,,
T,30.003958262,32.564916444,3.0,,
T,29.598166971,30.755290899,6.2,,
T,29.146583513,29.046603163,215.9,,
T,28.829292711,28.379074052,166.6,,
T,28.911534663,28.866024177,127.0,,
T,29.251809176,30.011189310,118.6,,
T,29.575223218,31.476221696,192.4,,
T,30.040891027,32.373637819,155.6,,
T,30.071868664,31.056554299,25.2,,
T,30.121271396,28.899318404,28.8,,
T,30.111133558,26.884806615,103.5,,
T,30.014519585,26.445315334,191.7,,
T,30.101200052,26.953361009,97.9,,
T,30.584623282,28.649593837,126.8,,
T,30.835648555,30.618103678,4.1,,
T,31.008317950,31.995473079,1.6,,
T,31.061580305,32.274304650,0.2,,
T,30.960241053,32.251470659,1.3,,
T,30.708833812,31.328446949,9.1,,
T,30.456447322,30.063319397,17.5,,
T,30.380454262,29.572832159,135.9,,
T,30.586284853,30.834066060,2.9,,
T,30.738305511,32.861156037,119.8,,
T,30.668713295,34.534484363,517.1,,
T,30.591237578,34.905428279,467.8,,
T,30.506038756,34.299919668,291.1,,
T,30.463358764,31.805761243,31.9,,
T,30.479378942,28.974076635,101.8,,
T,30.482196340,28.628251993,178.7,,
T,30.626072037,26.260665938,206.0,,
T,30.647050096,25.327861254,194.3,,
T,30.981381002,26.750560248,225.2,,
T,31.386159049,28.939070017,0.0,,
T,31.839263396,31.226375395,0.0,,
T,32.171051290,32.302031437,,,
T,32.390655668,32.547424008,,,
T,32.453139672,32.222262765,,,
T,32.487479095,31.756172312,,,
T,32.332662035,31.727220240,,,
T,32.108794194,32.625635924,,,
T,31.674642062,34.780772488,100.0,,
T,31.267503677,37.379673165,520.0,,
T,30.807789632,39.771416069,818.3,,
T,30.637938683,40.464110092,720.1,,
T,30.737429858,40.060476749,796.7,,
T,30.899209932,37.598652363,568.0,,
T,31.208182809,34.475205046,133.1,,
T,31.208756765,34.214660808,72.1,,
T,31.519952477,31.230660648,3.2,,
T,31.674233555,29.127751494,0.0,,
T,31.967934723,29.596993471,0.0,,
T,32.326667845,31.182140364,,,
T,32.763436618,33.366028227,,,
T,32.977160611,34.153067342,0.0,,
T,32.514691696,31.896441296,,,
T,32.396372695,31.671623508,,,
T,32.353968648,31.323919887,,,
T,32.156306572,30.945912101,,,
T,32.049667560,30.651327232,,,
T,31.850952852,30.270743488,0.0,,
T,31.743398771,29.973597956,0.0,,
T,31.170716371,29.594162960,0.0,,
T,32.077962179,31.948484467,,,
T,32.131946643,32.227327924,,,
T,32.757255899,36.674989400,1547.1,,
T,32.413515658,36.780871015,1249.0,,
T,30.882189122,34.004513937,99.4,,
T,30.767781342,33.784396100,120.8,,
T,30.679808827,33.698400014,131.1,,
T,29.812408616,32.189302486,187.1,,
T,29.361359113,31.494921408,335.2,,
T,29.529211605,31.729406042,633.5,,
T,30.828897142,33.209562014,160.1,,
T,32.421456233,35.023005480,50.0,,
T,33.728534066,36.398652090,1429.9,,
T,34.676473921,37.021067863,617.0,,
T,34.106697110,36.155768839,982.0,,
T,33.047225678,34.839350361,,,
T,31.881436917,33.775683256,0.0,,
T,30.854779094,33.346541984,229.1,,
T,30.267066213,33.919274335,341.0,,
T,30.350016338,35.548930583,1484.5,,
T,31.180268909,37.990380486,674.0,,
T,31.274595974,38.269308899,855.8,,
T,32.423803650,41.644741455,457.7,,
T,33.030556295,44.258530930,36.6,,
T,32.877350527,45.982968715,22.5,,
T,32.018603382,45.161558468,20.6,,
T,30.924702856,43.655196377,337.2,,
T,29.609281416,41.802249811,565.7,,
T,29.507004258,41.585542975,647.8,,
T,28.178326951,39.537448560,974.6,,
T,27.317182941,38.547996430,908.2,,
T,28.200903676,40.086695406,938.4,,
T,29.275981967,42.667712492,629.8,,
T,30.233993775,45.565272775,187.3,,
T,30.156855133,46.579915077,117.5,,
T,29.217132731,45.195748386,354.7,,
T,27.829260711,42.551212708,700.2,,
T,27.790713212,42.300000310,740.3,,
T,26.057693122,39.012608462,1063.3,,
T,24.329245893,36.307614439,,,
T,23.559190999,35.253490801,442.8,,
T,24.279382852,36.054464860,,,
T,24.525809475,36.363943370,,,
T,24.709966228,36.476186751,,,
T,24.955315295,36.786373197,,,
T,25.150426282,37.081907334,0.0,,
T,27.054903730,39.851705643,1027.8,,
T,27.347181690,40.360313039,945.0,,
T,28.760060413,42.618551070,692.1,,
T,29.303010800,44.133301003,431.4,,
T,29.305260904,44.316370517,395.8,,
T,28.927895494,43.761243415,552.5,,
T,27.863313788,42.024805337,803.5,,
T,26.055747143,39.665068374,1049.0,,
T,25.839765834,39.481885639,860.2,,
T,23.971734333,37.446916652,,,
T,22.622441473,36.696526485,0.0,,
T,23.649906570,37.937585687,,,
T,26.007164290,39.650332295,1072.2,,
T,26.055747143,39.665068374,1049.0,,
T,28.436841751,40.822686723,866.0,,
T,29.790089062,41.308107948,604.0,,
T,29.550501572,40.374592755,738.2,,
T,28.388566941,37.766865657,944.5,,
T,26.648573700,34.713638996,0.0,,
T,26.337514782,34.446182283,0.0,,
T,23.950027999,31.830259250,386.3,,
T,21.876972570,30.664680227,375.6,,
T,20.285395264,31.264801704,319.8,,
T,20.569903908,34.389140211,474.7,,
T,22.116973220,37.765160993,,,
T,24.489771394,40.699313243,809.8,,
T,26.642638381,42.276729486,1032.8,,
T,26.883735318,42.356040380,966.5,,
T,27.930195567,42.764054090,746.4,,
T,28.206375810,42.317960725,740.3,,
T,27.998654715,40.686176749,930.4,,
T,27.184065786,38.447997547,997.1,,
T,25.446200738,36.689205713,0.0,,
T,25.262595640,36.576595277,0.0,,
T,23.393102306,35.802199791,0.0,,
T,22.106211557,37.125318495,,,
T,22.118774168,39.723441971,479.2,,
T,23.120400765,41.935420880,945.0,,
T,24.376000104,43.098711938,1039.6,,
T,24.918418107,43.224183141,971.8,,
T,24.876574254,42.803788223,969.4,,
T,23.923096134,41.272084361,927.9,,
T,22.154162626,39.791769299,560.5,,
T,20.373678844,38.895021267,,,
T,19.505031195,39.191017785,0.0,,
T,19.523669842,40.380643287,0.0,,
T,20.932959524,42.243089285,1190.6,,
T,22.890357908,43.346833636,1025.6,,
T,24.663904950,43.195924154,996.3,,
T,25.409494334,41.991543088,832.0,,
T,25.415991306,39.295300061,895.5,,
T,24.475337443,35.872833077,0.0,,
T,22.833926112,33.065640908,234.2,,
T,22.694472550,32.967391937,285.8,,
T,21.395548846,32.236924267,445.0,,
T,21.005654470,33.509774887,319.8,,
T,21.081379626,33.947742037,381.6,,
T,21.958478480,37.312920083,0.0,,
T,23.534983307,40.338391046,923.1,,
T,25.038585700,41.810779834,883.7,,
T,25.698383712,42.085494985,811.2,,
T,25.657154534,40.837982849,1059.4,,
T,24.741493418,37.732495269,1035.0,,
T,23.133270339,34.774071095,358.2,,
T,21.375112496,32.351982291,563.2,,
T,20.208373346,32.025077531,391.8,,
T,20.077497929,33.065315926,359.6,,
T,21.473454082,35.416512360,547.5,,
T,23.850800080,36.821000083,0.0,,
T,26.070292498,37.162189089,260.8,,
T,26.131928841,37.120663293,207.9,,
T,27.169365285,36.204399492,219.8,,
T,27.416499592,33.482742369,171.1,,
T,26.661146036,29.441758146,292.4,,
T,25.565671317,26.000068697,395.8,,
T,25.122256563,24.803054686,441.6,,
T,26.530094645,25.920922977,291.9,,
T,28.283028071,26.693443493,146.1,,
T,29.396392948,26.687891629,-78.7,,
T,29.698948577,26.039062362,186.0,,
T,28.718167795,24.571066034,100.9,,
T,26.549169874,23.949885373,302.4,,
T,23.629331705,24.736118352,471.9,,
T,21.202242572,27.127336585,438.0,,
T,20.539693718,29.983769059,328.0,,
T,21.446379039,31.948775111,360.9,,
T,23.466101378,33.053127990,230.8,,
T,23.715999998,33.120785790,332.7,,
T,25.844676002,32.949337242,152.6,,
T,27.484974895,31.713546395,401.3,,
T,27.943402959,30.595116412,108.4,,
T,27.340906240,29.794495481,168.1,,
T,25.657076141,29.475429522,514.3,,
T,23.592191850,29.858714786,241.3,,
T,22.169918259,30.496952635,274.1,,
T,21.909044213,30.798330302,397.0,,
T,22.620674799,30.995106232,232.2,,
T,24.386921382,30.825745747,246.8,,
T,26.184283976,29.464403737,203.3,,
T,26.881388283,27.633642460,347.9,,
T,26.510825096,26.873862940,296.8,,
T,25.454397291,27.260477468,406.7,,
T,24.325761907,29.213697136,376.7,,
T,23.830311250,31.613729347,327.2,,
T,24.032722532,33.391040458,319.8,,
T,24.861545556,33.987287640,452.4,,
T,25.655122299,33.399602156,247.4,,
T,25.942172689,31.845909004,308.5,,
T,25.834489708,31.568342217,327.8,,
T,25.776380195,31.302504662,388.3,,
T,25.736620392,31.230086441,391.9,,
T,24.982357083,30.406887459,82.4,,
T,24.435540565,30.201415328,182.4,,
T,24.324403685,30.236580037,178.2,,
T,25.083466617,30.753484676,78.7,,
T,25.797405614,31.181401687,397.9,,
T,25.988033399,31.289604072,342.2,,
T,25.636056190,31.206351159,437.2,,
T,24.174669745,31.146207128,252.0,,
T,23.891988913,31.259010647,335.1,,
T,23.669979925,31.325227180,298.0,,
T,23.437812925,31.450132686,316.7,,
T,23.316639086,31.541814719,161.2,,
T,23.023997232,31.711449887,250.8,,
T,22.832072101,31.906379615,234.9,,
T,21.282062683,34.005296905,544.6,,
T,20.612766276,36.965756314,316.0,,
T,21.146597854,39.192981176,0.0,,
T,22.300346401,39.837889842,571.0,,
T,23.908581478,38.832546082,306.7,,
T,24.697683381,36.532308372,,,
T,23.993860696,33.869278452,277.5,,
T,23.955301897,33.798109356,348.1,,
T,23.750399634,33.497445267,426.6,,
T,23.533606764,33.254836710,313.0,,
T,23.294605973,33.128961555,231.0,,
T,23.055313686,33.003423459,208.2,,
T,22.805153185,32.936241276,230.6,,
T,22.655003533,32.896038016,291.2,,
T,20.654191132,33.109654761,363.0,,
T,19.093161050,34.828511427,400.6,,
T,19.008915350,34.976869991,411.1,,
T,18.547221981,37.135722048,705.7,,
T,19.214054518,37.741091617,0.0,,
T,20.231053268,37.481803600,0.0,,
T,20.414400611,36.906043174,404.6,,
T,20.008052167,37.528107145,0.0,,
T,19.743126186,38.868838380,0.0,,
T,20.369927256,39.970953745,16.9,,
T,20.614212557,40.047467822,138.9,,
T,20.711888535,40.078134909,566.3,,
T,21.586350945,39.955389939,480.8,,
T,22.097930142,38.742643410,0.0,,
T,22.025640708,38.604923599,0.0,,
T,21.205812363,36.913403677,180.2,,
T,19.774221308,36.195019409,731.0,,
T,18.317039601,36.723387966,789.5,,
T,18.180473644,36.852212089,948.4,,
T,18.070464302,37.102948841,713.0,,
T,17.996054275,37.193558213,414.1,,
T,17.800737451,38.939077738,0.0,,
T,17.911743974,39.141713485,0.0,,
T,18.927745810,40.415370462,0.0,,
T,19.259466042,40.577243391,0.0,,
T,19.505377237,40.656135241,0.0,,
T,19.799140800,40.749887152,15.6,,
T,20.056638702,40.774916060,120.9,,
T,22.021257309,39.692786544,321.9,,
T,22.185306324,39.458380319,181.1,,
T,22.397544028,39.238243900,32.4,,
T,22.451204860,39.024955281,0.0,,
T,22.807626407,37.043667870,,,
T,22.708490535,36.779934920,0.0,,
T,21.725992797,35.726855412,324.2,,
T,21.576716587,35.682291455,482.4,,
T,19.965357112,36.541468203,767.5,,
T,19.768870720,36.712810823,843.4,,
T,19.658747230,36.964581937,303.5,,
T,19.548036252,37.217080630,16.8,,
T,19.399741845,37.399631209,0.0,,
T,19.276194290,37.703296362,0.0,,
T,19.164392916,37.952962401,0.0,,
T,19.088926171,38.270131384,0.0,,
T,19.038761527,38.480505570,0.0,,
T,18.975104414,38.743112843,0.0,,
T,18.953561487,40.927969814,0.0,,
T,19.122959444,41.094788829,4.8,,
T,19.242605734,41.245094482,60.9,,
T,19.326970775,41.328369848,148.9,,
T,20.587306070,41.565375746,1532.5,,
T,21.767928086,40.069660865,673.8,,
T,21.783950362,38.069349067,0.0,,
T,20.650208791,37.034621161,204.4,,
T,20.402324680,36.959904658,312.5,,
T,20.130134745,36.992931331,224.1,,
T,19.857672972,37.025370576,251.1,,
T,19.622209615,37.125397767,83.4,,
T,17.977312018,38.657190331,0.0,,
T,17.322695658,40.796300454,,,
T,17.403551009,41.100078979,0.0,,
T,17.497271485,41.352379892,0.0,,
T,17.653463395,41.569245403,0.0,,
T,18.857860656,41.679932083,333.9,,
T,19.033302786,41.625105265,305.2,,
T,19.285572149,41.483233483,258.2,,
T,19.362218649,41.395844645,221.9,,
T,20.342519705,39.453645783,0.0,,
T,20.433684825,39.084743736,0.0,,
T,20.472217906,38.925814459,,,
T,20.510640859,38.765977863,,,
T,19.977142223,36.487125849,741.5,,
T,18.620450838,35.552606734,556.0,,
T,17.102556489,36.352443662,457.2,,
T,16.243947127,38.614971896,1130.7,,
T,16.269758948,38.735013067,1429.8,,
T,16.297038706,39.079797604,161.9,,
T,16.297949718,39.303951463,0.0,,
T,16.333553940,39.593226077,0.0,,
T,16.456028482,39.965219386,0.0,,
T,16.553317289,40.218373185,0.0,,
T,16.562978178,40.389454405,0.0,,
T,18.082683106,42.152272008,468.0,,
T,20.009972140,42.895667949,1187.0,,
T,20.266389959,42.924047108,1107.0,,
T,20.537269991,42.901076029,1024.9,,
T,20.633943560,42.933014118,1007.4,,
T,21.112107483,42.358101342,1090.7,,
T,21.078107701,42.290564087,1177.4,,
T,20.126748536,40.909855952,200.8,,
T,20.008032423,40.759680720,87.2,,
T,19.839647595,40.594506860,1.1,,
T,19.657604202,40.479763157,0.0,,
T,17.956368229,39.603239526,0.0,,
T,17.004045616,39.526597294,0.0,,
T,16.858662159,40.092915509,0.0,,
T,17.893458095,41.479696184,0.0,,
T,17.977634607,41.562508492,0.0,,
T,18.147083485,41.728298746,174.0,,
T,18.414611899,41.926359251,468.1,,
T,18.498445264,42.009418700,447.8,,
T,20.039053857,42.793139391,1177.0,,
T,20.609780592,42.643763789,1053.9,,
T,20.653105353,42.489242371,1140.6,,
T,19.967201836,40.915659190,188.1,,
T,18.671072125,39.323612080,,,
T,18.436022721,39.193927653,,,
T,18.299649366,39.095005276,,,
T,18.050349589,39.016769334,,,
T,17.432388258,39.326571814,0.0,,
T,17.281069121,39.502109579,0.0,,
T,17.497271485,41.352379892,0.0,,
T,18.481558896,43.561763441,1692.2,,
T,19.610165548,45.170108730,888.6,,
T,19.771674626,45.337635733,741.1,,
T,19.948005281,45.454525168,663.7,,
T,20.539121916,45.603120319,651.2,,
T,20.394138554,45.383893953,661.8,,
T,20.344845567,45.198124615,641.1,,
T,19.644752705,43.614703344,1063.4,,
T,18.956203091,41.711866903,261.7,,
T,18.801390738,41.494067292,71.5,,
T,18.660170260,41.225170343,0.0,,
T,18.602982027,41.039315308,0.0,,
T,18.482330968,40.888867568,0.0,,
T,17.978287074,40.559963840,,,
T,17.764932678,41.160581198,0.0,,
T,17.957269935,43.332747695,2377.4,,
T,18.534516181,45.863560095,821.8,,
T,18.600164501,46.165392167,794.5,,
T,18.665323384,46.467402279,748.9,,
T,18.746140941,46.719252764,686.5,,
T,19.467865296,47.814785407,461.4,,
T,19.806077932,47.597797225,457.8,,
T,19.838483593,47.496790199,485.3,,
T,19.550928099,46.046403201,706.6,,
T,18.636387800,43.947375218,1552.0,,
T,18.485764624,43.730130547,1843.6,,
T,18.417763027,43.596246997,1690.6,,
T,18.232139218,43.312301781,2171.1,,
T,18.099746438,43.213070017,2316.9,,
T,17.436091797,42.718403647,192.3,,
T,17.254582046,43.157443862,619.2,,
T,17.885294008,45.363472731,930.9,,
T,18.820754077,47.978867969,478.4,,
T,19.462824329,49.739357085,306.5,,
T,19.637131053,49.860369265,297.5,,
T,19.543358111,49.030578304,352.0,,
T,19.213640969,46.433889018,683.5,,
T,18.649054119,43.171816832,1765.4,,
T,18.624571865,42.885311856,1878.5,,
T,18.565169825,42.531833464,2057.2,,
T,18.525182472,42.296223119,994.4,,
T,18.435258792,42.044463746,607.4,,
T,18.442786533,41.824025554,445.2,,
T,18.273770632,41.658033064,337.1,,
T,18.546185034,42.970841145,1884.0,,
T,18.698034184,43.188008813,1703.2,,
T,19.566139702,45.827340903,722.5,,
T,20.542509614,48.603359571,323.9,,
T,21.125990502,50.368145037,206.6,,
T,21.257764161,50.765127951,182.4,,
T,21.095917886,50.299143040,217.3,,
T,20.595615367,48.281330647,345.7,,
T,20.188832156,45.706544348,595.8,,
T,19.616996721,43.157898691,1324.9,,
T,19.949436089,44.389275166,919.7,,
T,20.282623352,45.401587369,721.7,,
T,20.914503633,48.284682469,328.3,,
T,21.121668087,51.002190118,172.4,,
T,20.910699977,51.907607871,143.3,,
T,20.724334995,51.368906123,173.6,,
T,20.077280994,49.512731105,300.9,,
T,19.325647700,47.258609581,565.0,,
T,19.061503133,45.038704430,867.3,,
T,19.025398470,44.803169630,972.3,,
T,19.022232354,44.634658597,1076.7,,
T,19.198568362,44.582654825,1088.2,,
T,19.362833678,44.750123093,903.4,,
T,19.414431609,44.935408292,880.0,,
T,19.561755291,45.153537586,882.2,,
T,19.708102144,45.371803267,770.2,,
T,19.741555131,45.607615052,735.5,,
T,19.838365469,45.809533629,683.0,,
T,19.887023547,45.994975607,681.0,,
T,20.015472198,46.264811609,605.6,,
T,20.790927700,48.980750036,296.9,,
T,20.865604512,49.237286185,271.8,,
T,20.970333419,49.562853831,262.1,,
T,20.979543353,49.852941533,238.1,,
T,21.116682758,52.690715267,101.2,,
T,21.155869301,52.882232082,113.5,,
T,21.082068257,53.086704324,107.5,,
T,20.782875596,51.508047456,160.9,,
T,20.760236415,51.266945949,171.2,,
T,20.707844875,50.956689152,190.6,,
T,20.749523527,50.683544222,199.8,,
T,20.988696907,46.721926016,521.6,,
T,21.463206943,43.548287379,862.9,,
T,21.546977174,43.067001003,875.6,,
T,21.757070596,44.725125666,920.5,,
T,21.744518063,44.947694849,820.8,,
T,21.672362131,48.737186494,271.9,,
T,21.645867601,49.301384075,231.0,,
T,21.608180854,49.574567995,212.6,,
T,21.570033739,49.847702397,218.0,,
T,21.591672975,50.259088636,202.3,,
T,21.557069925,50.361045953,195.2,,
T,21.035419381,53.954453690,205.1,,
T,20.890744044,54.490181640,68.6,,
T,21.135029884,52.639589287,113.5,,
T,21.179304602,52.364944636,117.5,,
T,22.420400143,47.237622706,500.4,,
T,22.484621982,47.032159976,569.5,,
T,24.095818114,41.211854484,881.1,,
T,24.475026063,39.297724355,675.8,,
T,24.482588485,40.522427174,796.0,,
T,23.730026351,45.183886404,899.4,,
T,22.119781968,51.219774912,119.9,,
T,22.084186251,51.322579136,121.0,,
T,21.994859829,51.579519391,106.3,,
T,20.939824891,54.212432548,73.0,,
T,20.763362195,53.662926213,85.5,,
T,21.359031827,49.997338084,223.8,,
T,22.838647641,44.815210077,989.7,,
T,22.913976335,44.555353989,813.4,,
T,24.026946192,41.073654030,887.8,,
T,24.061400396,41.142738970,882.1,,
T,24.035390333,42.235450322,924.7,,
T,23.197847521,46.430970296,622.3,,
T,23.134596643,46.637853238,766.7,,
T,21.621867550,51.723513063,112.4,,
T,20.914346529,53.547382641,132.4,,
T,20.885282427,52.130589492,132.9,,
T,21.263418966,50.593569810,191.4,,
T,21.238125147,50.353655749,211.6,,
T,22.773297446,44.678262365,953.3,,
T,22.848377787,44.418417575,931.2,,
T,24.453965146,38.295114226,339.8,,
T,24.795745403,36.799752546,,,
T,24.647362763,39.234312584,540.2,,
T,23.271716429,45.309729736,846.3,,
T,23.258696939,45.706498287,703.7,,
T,23.180746832,45.965566489,595.7,,
T,23.102403447,46.224381457,595.5,,
T,23.023638790,46.482886124,808.6,,
T,22.928573030,46.792673480,660.3,,
T,21.197545694,52.313803991,112.7,,
T,21.106170903,52.569462028,113.1,,
T,21.014353160,52.824975744,105.2,,
T,20.922091169,53.080343580,130.4,,
T,20.169846053,53.654519972,97.5,,
T,20.057420356,53.372595820,213.2,,
T,19.990319182,53.112193153,168.7,,
T,19.951548407,52.921874095,162.6,,
T,19.883817543,52.662062996,172.8,,
T,19.910212763,52.440225509,176.9,,
T,19.536115297,48.574465009,405.9,,
T,19.462799951,48.151956398,429.2,,
T,19.354927461,47.830930140,462.2,,
T,19.324268814,47.595170670,493.2,,
T,19.229094403,47.224602017,577.8,,
T,19.116962297,46.904726158,639.3,,
T,19.084861373,46.669270711,677.5,,
T,18.971706722,46.349839535,711.7,,
T,18.873912873,45.980313259,827.4,,
T,18.889098654,45.761911818,815.0,,
T,18.774339793,45.443278399,940.6,,
T,17.752262078,41.601005639,0.0,,
T,17.706557431,40.361585010,,,
T,18.662957160,40.611065201,0.0,,
T,20.809441662,41.524116401,1319.6,,
T,22.779809603,43.366915981,1044.2,,
T,22.912785511,43.640114436,990.8,,
T,23.026986676,43.793114254,991.8,,
T,23.096424867,44.102953191,913.8,,
T,23.180193592,44.360846358,794.2,,
T,23.185600519,44.706612417,815.4,,
T,23.283515726,44.912714311,800.6,,
T,22.749455441,47.874707351,375.9,,
T,22.683779355,48.080353370,316.9,,
T,22.587046609,48.216733404,285.6,,
T,22.378581156,48.368874989,293.4,,
T,21.283258906,48.135150150,325.9,,
T,21.109611978,48.014303408,345.1,,
T,19.567783081,46.332821694,659.5,,
T,19.389926704,46.046664123,706.9,,
T,17.925425724,44.710369436,1110.8,,
T,17.729949521,44.644795946,1116.5,,
T,18.419830570,45.545359867,925.5,,
T,18.598117428,45.662096445,851.4,,
T,18.825453111,45.963613196,812.0,,
T,19.019754360,46.198545328,775.4,,
T,19.229683575,46.383415855,718.8,,
T,19.358694363,46.484406742,667.0,,
T,21.064204425,47.826731069,360.2,,
T,21.159370554,47.861515768,353.6,,
T,22.115909044,47.698126987,395.5,,
T,22.195964009,47.613140237,395.3,,
T,22.449990759,45.592140713,681.9,,
T,21.909322163,42.904613277,899.7,,
T,20.524109927,41.206061470,1759.3,,
T,19.885920215,41.620991925,1955.7,,
T,19.816697873,41.879722424,1954.6,,
T,19.844292896,42.169587186,1486.9,,
T,20.454812723,45.011011726,651.5,,
T,20.521195986,45.315256252,614.0,,
T,21.316499687,48.033195342,329.3,,
T,21.425918978,48.187714274,315.4,,
T,21.485076144,48.495602992,292.0,,
T,21.677788556,48.395317716,288.2,,
T,21.713495456,48.122233179,305.5,,
T,21.732219209,47.900272374,336.2,,
T,21.718646560,47.610037077,381.9,,
T,21.671877966,47.422112021,405.5,,
T,21.624890948,47.234270837,446.6,,
T,21.038898558,44.647825679,794.7,,
T,19.878517980,42.236709215,1351.1,,
T,19.012129067,41.506351671,228.8,,
T,19.010280835,42.287661029,2019.7,,
T,20.289810690,44.673351445,736.5,,
T,21.641750756,46.842031593,554.6,,
T,22.039151708,47.099231523,467.1,,
T,22.064585219,45.115665130,834.2,,
T,22.047558975,44.996160705,896.1,,
T,21.405343513,42.058362130,1194.6,,
T,21.329795558,41.749812494,1121.4,,
T,21.274440913,41.561525237,1185.7,,
T,20.654395898,39.890338943,125.8,,
T,20.568743885,40.429021151,247.9,,
T,21.417784166,46.023955650,665.3,,
T,21.609750484,46.944299589,511.1,,
T,22.303556549,43.377812119,931.3,,
T,22.357817302,42.997867802,908.4,,
T,22.774285071,38.545767269,0.0,,
T,22.654998780,38.159943058,0.0,,
T,22.616840105,38.322633307,0.0,,
T,22.494279582,41.331562087,903.8,,
T,22.175760955,45.097590451,829.5,,
T,22.039794169,46.586259795,543.3,,
T,22.245043677,45.918592604,867.7,,
T,22.276368851,45.815737538,652.1,,
T,22.631782076,43.146361345,976.7,,
T,22.646340286,43.094193605,938.2,,
T,22.928182278,40.666116923,902.2,,
T,23.023261942,40.293308612,1084.1,,
T,23.060209867,41.168156258,1042.8,,
T,23.018721748,41.327432619,1137.5,,
T,22.864868937,43.623946986,1010.0,,
T,22.805827066,43.832503266,1007.0,,
T,22.602356111,44.904539829,927.3,,
T,22.513688504,44.303683347,1022.9,,
T,22.510552079,44.131614304,959.6,,
T,22.459140084,43.943075679,992.6,,
T,22.470402751,43.719051203,1048.6,,
T,22.103474889,40.404574321,1086.4,,
T,21.611886155,38.133090818,0.0,,
T,21.538861753,37.995818380,0.0,,
T,21.729521371,38.744057689,0.0,,
T,22.194968675,40.662517181,998.1,,
T,22.771745511,42.451343279,977.0,,
T,22.887154076,42.603313375,959.2,,
T,22.424809267,41.595051764,936.8,,
T,22.321173175,41.389566405,949.8,,
T,21.040099618,40.238201398,896.9,,
T,19.459271048,38.723916080,0.0,,
T,19.310726528,38.677775148,0.0,,
T,20.146395444,39.391885029,0.0,,
T,21.630107884,40.197099520,676.6,,
T,21.979049514,40.479126720,1084.7,,
T,21.412954873,39.388656324,113.1,,
T,21.342360613,39.254062838,22.4,,
T,20.130134745,36.992931331,224.1,,
T,19.993276573,36.894502921,393.3,,
T,18.974917534,35.660820216,566.2,,
T,19.034959190,36.141017709,844.1,,
T,19.190419034,36.419674951,1120.6,,
T,20.547012375,38.835225394,,,
T,20.632549347,38.918802573,,,
T,22.111370079,40.578552851,1022.0,,
T,22.292154718,40.693733729,950.5,,
T,21.381426964,39.094677941,0.0,,
T,20.149722041,36.422844994,710.3,,
T,19.291741849,33.842377461,355.8,,
T,19.365018663,32.857935558,339.0,,
T,20.542807501,33.137779506,334.2,,
T,20.694351588,33.180982083,319.8,,
T,20.946734583,33.253137385,299.4,,
T,21.198869104,33.325467379,268.6,,
T,22.748994847,34.069900730,438.5,,
T,23.339129194,34.532810359,541.6,,
T,23.620386527,35.211534089,619.5,,
T,23.826165895,36.931852044,0.0,,
T,23.838111794,37.112365763,,,
T,23.500933745,35.535557832,0.0,,
T,23.463230974,35.464997121,42.8,,
T,22.630620056,33.314484696,219.2,,
T,22.369476476,33.301840393,359.5,,
T,22.408263070,35.986824766,82.1,,
T,22.396507227,36.042407237,94.7,,
T,23.082911244,39.217911896,163.8,,
T,23.211167459,39.545422028,415.7,,
T,22.616840105,38.322633307,0.0,,
T,21.251075351,35.468037210,495.3,,
T,19.456801518,32.647476800,346.3,,
T,18.718666857,32.842354604,416.1,,
T,19.605268164,35.216426639,478.3,,
T,21.475837068,38.264246201,0.0,,
T,21.683008959,38.500117961,0.0,,
T,23.556221773,40.460633288,1016.6,,
T,23.929951901,40.636862890,829.9,,
T,23.586522830,39.082723507,905.9,,
T,23.492932192,38.822664683,114.4,,
T,23.421535497,38.684966175,-5.1,,
T,23.339715907,38.369846002,0.0,,
T,22.245922222,35.763860185,355.5,,
T,21.304711431,34.424808233,578.3,,
T,21.081274989,35.007225242,688.9,,
T,21.859775725,37.514783627,0.0,,
T,22.953324623,40.156409264,1330.8,,
T,23.653968289,40.896322122,921.1,,
T,23.785035003,38.911427961,300.7,,
T,23.762500502,38.788163147,123.4,,
T,22.915891075,36.313115761,0.0,,
T,22.693262609,36.130550521,0.0,,
T,22.594240038,36.100646970,17.5,,
T,22.610298544,36.751477440,0.0,,
T,23.546981803,39.244332541,253.2,,
T,24.392977328,41.075389572,905.2,,
T,24.544386437,41.298947316,1005.2,,
T,24.556758627,40.021959937,891.6,,
T,24.413156910,39.336890000,764.3,,
T,23.876134790,38.531054145,23.2,,
T,23.882648652,39.579266491,978.9,,
T,23.891040584,39.755642329,868.0,,
T,23.934255741,40.000866345,985.8,,
T,23.977055050,40.246122993,802.8,,
T,24.046745761,40.384081444,787.5,,
T,24.040478672,40.614059698,838.4,,
T,24.583686005,42.532127703,908.4,,
T,24.832939797,42.963140424,953.1,,
T,25.145645614,42.196957889,797.5,,
T,25.486319714,39.434496390,821.0,,
T,25.491262461,39.199391347,935.4,,
T,25.482541149,39.018821596,797.3,,
T,25.402569007,38.698417511,341.4,,
T,25.380107587,38.573142084,511.3,,
T,25.012900639,38.581149734,861.1,,
T,24.786697948,40.561215078,856.6,,
T,25.135490871,43.007197488,817.3,,
T,25.680535700,44.067295606,747.0,,
T,27.032481743,44.122636675,603.6,,
T,28.001307755,43.086811490,710.6,,
T,28.060200423,42.867658577,744.8,,
T,27.520410774,41.731911834,1058.0,,
T,27.090789743,41.770554762,1059.9,,
T,26.938662532,43.320418777,743.4,,
T,27.072007980,44.729632760,547.9,,
T,27.332118757,45.297128020,517.4,,
T,27.699297697,43.998070598,580.1,,
T,27.428823120,41.881350387,994.5,,
T,26.877934069,41.582183539,1123.0,,
T,26.757104534,43.022604863,792.8,,
T,26.993420958,44.820394770,576.5,,
T,27.155965275,45.174628379,538.1,,
T,27.261703214,44.618615066,511.7,,
T,27.095832260,41.951012246,995.0,,
T,26.307510734,40.747431614,981.0,,
T,25.717858958,42.209233466,792.5,,
T,25.703509272,42.262957178,790.6,,
T,26.152964930,44.994746119,745.2,,
T,27.067225365,46.209621583,439.4,,
T,27.749987317,45.865610765,395.0,,
T,28.104872893,43.481213531,673.9,,
T,27.520579077,40.295016689,896.7,,
T,27.388711077,40.193939344,916.2,,
T,26.295925551,39.323458773,1196.3,,
T,25.283654285,41.072193990,1041.3,,
T,25.145645614,42.196957889,797.5,,
T,25.529644887,44.599762536,720.8,,
T,25.854430019,45.298979999,758.6,,
T,26.202594438,45.188340677,733.2,,
T,26.420929292,44.795101876,681.1,,
T,25.874790262,44.310074357,675.3,,
T,25.413954497,44.267623542,799.6,,
T,25.531807228,44.775853773,716.8,,
T,26.113162280,46.037294169,655.3,,
T,26.352179358,46.301359084,581.9,,
T,26.462111383,45.928820927,572.9,,
T,26.252682875,44.088497601,609.8,,
T,26.138879710,43.931699314,640.2,,
T,26.087798245,43.737983015,655.8,,
T,25.087501390,42.990978819,837.0,,
T,24.660242840,43.774268373,923.0,,
T,25.061945149,45.308686966,730.6,,
T,25.573791092,46.075733173,599.9,,
T,25.859685304,46.179799145,651.8,,
T,26.216124864,44.958287270,721.3,,
T,26.181727323,44.710826188,678.4,,
T,25.818146774,43.002171325,839.6,,
T,25.241722838,42.810397528,848.0,,
T,24.875696885,44.313090019,847.9,,
T,25.273011428,46.200033200,704.5,,
T,25.479620047,46.567832528,686.2,,
T,25.510488093,46.111213610,601.7,,
T,25.123307369,45.098103929,770.7,,
T,24.346656403,45.055218670,873.4,,
T,23.895145580,46.568597617,980.3,,
T,24.124119141,48.218437008,406.4,,
T,24.294800514,48.516673449,370.0,,
T,24.588132045,47.753240081,560.9,,
T,24.526786456,47.439236727,483.1,,
T,24.338685655,46.846704377,527.6,,
T,23.878443821,47.140534772,458.1,,
T,23.669986031,47.641408483,521.0,,
T,23.116410181,49.691689567,172.7,,
T,23.241374388,50.438986838,124.1,,
T,23.642937044,49.548029875,215.8,,
T,24.592151928,46.359153935,882.2,,
T,24.634415826,45.330532864,744.9,,
T,23.974384186,46.655284812,737.5,,
T,23.234847397,49.331098281,109.4,,
T,23.214483296,49.555579551,184.0,,
T,23.164274728,50.350272876,132.0,,
T,23.338575709,48.848616289,260.2,,
T,23.239132335,48.000288793,389.3,,
T,22.674064332,48.768354736,285.7,,
T,22.404519476,49.589335089,191.0,,
T,22.409013567,51.158756168,115.0,,
T,22.562068944,51.336897219,98.7,,
T,23.074243533,50.140310333,151.3,,
T,23.159738908,49.883023180,164.5,,
T,23.513775633,48.799660523,303.1,,
T,23.580215884,50.223211166,167.2,,
T,23.779009300,51.065219446,106.5,,
T,24.233546162,49.369487351,244.9,,
T,24.350960283,49.005713176,324.7,,
T,24.401006313,48.849646122,335.2,,
T,25.193544356,46.112742183,848.1,,
T,25.319225887,45.866852276,707.6,,
T,25.234986359,48.056951575,457.0,,
T,25.202284142,48.161772755,437.2,,
T,25.024730083,50.210564730,138.5,,
T,25.110171283,49.124837612,322.3,,
T,25.176920836,48.915506838,331.4,,
T,25.733288086,46.778736014,634.0,,
T,25.985711669,45.932230548,691.4,,
T,25.971384573,46.514393383,586.2,,
T,25.891122439,47.131353642,537.4,,
T,25.905631915,47.431005437,468.1,,
T,25.840820808,47.641878573,439.5,,
T,25.140034965,50.672351937,0.0,,
T,26.667833583,45.767540891,546.2,,
T,27.805157453,42.245201870,800.9,,
T,27.764274532,43.185261433,713.8,,
T,27.693368385,43.638089578,629.2,,
T,27.729465402,43.889224557,600.6,,
T,27.684188494,44.052461969,604.0,,
T,26.704740555,48.627197000,106.6,,
T,26.113829123,50.476019730,5.9,,
T,26.538202238,49.156886903,93.9,,
T,27.667332168,45.418114889,452.0,,
T,27.744356267,45.148110259,458.4,,
T,28.022728051,44.350715175,538.2,,
T,27.799659070,46.601212614,337.3,,
T,26.984731326,49.934672352,0.0,,
T,26.920042018,49.968546373,0.0,,
T,27.687113649,47.157142312,294.2,,
T,28.083973364,45.808972479,383.7,,
T,28.594493002,44.008744893,559.0,,
T,28.496069139,45.298592328,403.9,,
T,28.466344118,45.588302711,368.5,,
T,27.316411404,50.071094029,0.0,,
T,26.472506198,52.314133237,,,
T,26.631038303,51.352904954,0.0,,
T,27.174013772,49.171993847,19.2,,
T,27.260164005,49.568031958,0.0,,
T,27.238635594,49.978797794,0.0,,
T,27.105953806,50.889117162,0.0,,
T,27.165864174,51.035408441,0.0,,
T,27.689416773,49.741636111,0.0,,
T,28.725211313,47.071551968,275.2,,
T,29.014691237,46.272468512,310.6,,
T,28.869858977,46.945034663,281.9,,
T,28.449141491,49.204186252,,,
T,28.265755908,50.467041376,0.0,,
T,28.467672829,50.002905843,0.0,,
T,28.275211195,49.073014090,,,
T,27.022842320,48.633371643,93.3,,
T,24.758434475,50.695323962,73.6,,
T,23.363968583,53.502290422,167.2,,
T,23.243198608,53.991788573,139.5,,
T,24.167251076,53.065299793,0.0,,
T,26.439269168,50.131433014,1.7,,
T,29.223495551,46.289641124,297.7,,
T,29.351352477,46.033383330,297.2,,
T,29.478772913,45.776370939,272.8,,
T,29.718213571,45.498731549,247.9,,
T,29.765119511,45.332953450,252.1,,
T,30.082227371,44.775000460,314.3,,
T,30.002358940,44.868985681,305.7,,
T,28.372975304,46.095117262,362.4,,
T,27.368060550,47.334407038,255.1,,
T,28.109507901,48.221485134,82.0,,
T,29.513619943,51.998314307,2563.2,,
T,28.208844913,50.138549090,0.0,,
T,27.686277984,47.336425993,272.3,,
T,27.734784589,47.175301088,293.9,,
T,27.815224714,46.906406985,305.8,,
T,29.639592449,45.774638403,243.4,,
T,32.067931070,45.179402011,20.4,,
T,32.281221722,45.193890408,23.0,,
T,32.643035008,45.262492063,21.0,,
T,32.480312217,45.455529305,21.8,,
T,32.333486833,45.590660908,16.9,,
T,32.154353384,45.839094798,13.7,,
T,31.958149302,45.954542864,13.9,,
T,29.519305268,48.171879702,2.8,,
T,26.670257355,49.746855429,6.1,,
T,25.787650636,50.163755979,2.0,,
T,26.623030993,49.727819236,3.1,,
T,29.993590039,47.315762321,93.4,,
T,30.091031195,47.169170389,86.2,,
T,30.398486371,46.856683691,67.2,,
T,30.495544127,46.708848338,39.5,,
T,30.753796915,46.374822671,12.2,,
T,30.850406660,46.225817181,4.5,,
T,31.059919099,45.870514183,8.6,,
T,31.189826563,45.794416885,6.4,,
T,32.569571595,42.326438048,317.1,,
T,31.481836719,42.163616315,331.0,,
T,28.225575369,45.501241454,404.0,,
T,27.972637973,45.827895121,395.2,,
T,25.903052409,49.972677421,14.6,,
T,26.349952053,50.572862286,0.0,,
T,26.825252081,49.092317045,44.0,,
T,26.621701369,48.892230160,102.6,,
T,26.434372038,48.639908799,207.6,,
T,26.197533406,48.547208927,285.9,,
T,26.007257578,48.472603089,272.4,,
T,23.897334467,48.597669400,340.4,,
T,22.052464050,50.321062883,180.1,,
T,26.710102677,50.122246238,0.0,,
T,26.821818570,50.108202770,0.0,,
T,30.108012212,46.929874672,105.8,,
T,29.641659925,46.507428887,232.3,,
T,25.968238234,47.572522580,425.8,,
T,25.777114043,47.676493016,437.2,,
T,24.158924151,49.106691572,303.0,,
T,24.537079664,49.253589804,249.0,,
T,26.028353873,49.251292095,220.3,,
T,26.967552308,49.149224360,41.7,,
T,25.761428284,49.915569588,51.4,,
T,24.589775684,51.040851811,35.8,,
T,25.123143277,50.073077466,128.0,,
T,26.232640462,48.264729566,300.8,,
T,26.634696606,47.649220165,351.0,,
T,27.306158611,46.833833381,360.0,,
T,27.751475614,46.942149341,311.4,,
T,27.044834652,48.045165624,193.2,,
T,25.991503189,49.533304596,69.0,,
T,25.504528111,50.049236597,104.1,,
T,25.447911848,49.730526176,124.8,,
T,25.569061718,49.187474266,304.3,,
T,25.737998529,48.486515751,328.5,,
T,25.950678889,47.801537191,381.8,,
T,27.115067877,46.940537796,353.4,,
T,27.751906450,46.583305330,316.5,,
T,27.942870070,46.475271829,342.1,,
T,28.421551543,46.293512967,352.6,,
T,28.853731941,46.091718680,332.5,,
T,29.430440325,45.758612070,279.3,,
T,30.135569077,45.345475519,209.1,,
T,30.279362532,45.214016360,199.7,,
T,30.728267653,44.946389350,167.0,,
T,31.423555253,44.386278747,115.1,,
T,31.829606653,44.090355443,71.4,,
T,31.991155589,43.895376270,86.6,,
T,32.053616930,43.665609809,162.7,,
T,32.143185361,43.130428580,203.3,,
T,32.150667962,42.693144765,288.3,,
T,32.056214416,41.401952226,503.2,,
T,32.073115688,40.269529160,741.8,,
T,31.909471872,39.401265878,896.7,,
T,31.404071615,38.622005869,832.2,,
T,30.773034584,37.689160282,581.1,,
T,30.073267144,37.055146702,947.1,,
T,29.616474068,36.744095207,1030.9,,
T,29.146575755,36.493816384,856.2,,
T,28.937627438,36.250732285,730.1,,
T,28.728150747,36.008526145,821.7,,
T,28.406440413,35.800085512,976.0,,
T,27.899629111,35.231024181,0.0,,
T,26.877982699,34.093767757,0.0,,
T,26.702807749,33.923840289,67.5,,
T,26.625264591,33.778295051,303.7,,
T,26.275189636,33.435101292,580.7,,
T,27.140523735,34.347728935,0.0,,
T,28.060443448,35.706282445,467.0,,
T,28.720166690,36.997846788,920.3,,
T,29.334007043,38.217552989,741.3,,
T,29.872009953,39.056424672,605.9,,
T,30.259558599,39.852995529,806.9,,
T,30.588814133,40.448834727,744.2,,
T,31.068654066,41.282886199,504.3,,
T,31.398200595,42.074056472,335.7,,
T,31.560039890,42.687080845,279.1,,
T,31.673601466,43.473638402,248.8,,
T,31.642669382,43.588101163,232.9,,
T,31.636294553,44.398454304,36.1,,
T,31.523553202,44.608703909,19.2,,
T,31.466303666,43.839933633,217.9,,
T,31.316854908,42.794056142,301.9,,
T,31.400554740,41.448493524,445.8,,
T,31.458392809,40.589009174,702.0,,
T,31.396638874,39.756383615,793.6,,
T,31.132792537,39.305122594,847.5,,
T,30.539535580,38.690879222,606.8,,
T,29.908907385,38.008381569,734.1,,
T,29.208118862,37.625181282,825.4,,
T,29.898360839,38.503886761,616.0,,
T,30.490577245,40.418337648,715.3,,
T,30.821634147,41.826698174,429.1,,
T,31.005405138,42.754111790,314.0,,
T,31.035337015,43.445003425,342.6,,
T,30.898935455,44.141307405,243.6,,
T,30.885379134,44.384125561,207.5,,
T,30.461103234,43.987272968,353.0,,
T,30.312545085,43.750978611,375.9,,
T,30.163580613,43.515424780,358.2,,
T,30.111609215,43.313778069,396.9,,
T,29.946902940,43.135457005,392.5,,
T,29.860516556,42.862076258,423.7,,
T,29.690780147,42.500920034,517.2,,
T,29.686060341,42.316770052,553.0,,
T,29.589940300,41.673451341,599.9,,
T,29.912306100,41.654618435,557.6,,
T,30.024741916,41.629371859,540.9,,
T,30.405053065,42.000113324,431.1,,
T,30.526274043,42.348415664,381.4,,
T,30.659394989,43.254919160,393.4,,
T,30.799261678,43.920650129,309.6,,
T,31.043667272,44.005664357,254.6,,
T,31.059254960,43.949011810,264.9,,
T,31.529798247,42.801755441,269.3,,
T,32.026234992,40.887193330,626.9,,
T,32.214358995,40.564975317,719.6,,
T,32.624391068,41.071719668,596.8,,
T,33.113056072,42.313419710,306.2,,
T,33.271481745,42.747676434,138.1,,
T,33.683447663,43.655751754,59.1,,
T,33.859308291,42.365116604,176.4,,
T,34.087876435,39.514301630,560.0,,
T,33.953881860,38.032785207,677.1,,
T,33.998140574,38.307216182,595.7,,
T,34.504508779,39.826237993,385.2,,
T,35.131932854,41.920939719,305.7,,
T,35.466206289,42.555350964,204.3,,
T,35.379416713,42.461432476,222.8,,
T,34.360160584,40.634273032,289.6,,
T,34.186280782,40.452975861,376.1,,
T,34.129312291,40.241254164,401.5,,
T,33.918826699,39.986340103,541.0,,
T,33.723120424,39.672010502,650.4,,
T,33.564923701,39.432073240,701.2,,
T,33.393243188,39.252084205,709.3,,
T,33.337068777,39.040386160,724.3,,
T,33.115130380,38.846668280,760.5,,
T,32.972036589,38.546614858,794.9,,
T,32.799613210,38.368911842,731.7,,
T,31.090367796,36.509751334,906.1,,
T,29.921871912,36.071559416,928.7,,
T,29.822432630,36.045251113,968.0,,
T,28.308447056,35.025386225,107.2,,
T,27.872942497,34.601182664,0.0,,
T,26.383402693,32.584186874,351.0,,
T,25.526703095,30.928742355,387.0,,
T,25.294034025,29.780405686,234.9,,
T,25.123995578,28.833195131,286.1,,
T,24.810226871,27.708925503,430.1,,
T,25.795222231,28.921631179,482.2,,
T,25.989066450,29.029646968,404.8,,
T,27.337543875,30.450525297,159.6,,
T,27.557922152,30.699886987,57.1,,
T,27.676729040,30.925389984,135.6,,
T,27.758181506,31.652109342,324.2,,
T,27.730413632,32.094154652,558.0,,
T,27.680280439,32.081707213,577.1,,
T,26.528947526,30.260081453,284.3,,
T,25.015455551,27.759676727,384.8,,
T,24.528051715,27.039598320,653.7,,
T,24.511025022,27.168978878,616.0,,
T,24.530303470,28.557073949,344.5,,
T,25.322391940,32.381462886,274.5,,
T,25.428643684,32.657165776,585.4,,
T,26.443807054,35.943667081,0.0,,
T,27.517940713,37.456736601,1174.1,,
T,27.848185995,37.613101482,1003.5,,
T,27.641940411,37.370905327,1097.5,,
T,25.728786236,36.589771587,0.0,,
T,23.234895604,36.051985148,0.0,,
T,22.842339963,36.174969675,0.0,,
T,24.702810546,35.038074636,48.4,,
T,25.682676994,34.578584580,0.0,,
T,28.173344204,33.355581047,0.0,,
T,28.712291716,33.546685940,841.7,,
T,28.688365447,33.668220069,1101.2,,
T,27.972766310,34.623396030,0.0,,
T,25.274201314,36.760082359,0.0,,
T,21.680534195,38.728890883,0.0,,
T,19.061026413,39.896108055,0.0,,
T,18.171254325,40.230231423,0.0,,
T,18.665312889,39.771029904,,,
T,19.330555548,39.249019622,0.0,,
T,22.782309108,36.918670559,0.0,,
T,23.015662907,36.810959622,0.0,,
T,25.995463418,34.844343452,0.0,,
T,26.216988980,34.782024607,0.0,,
T,25.934107560,34.888731654,0.0,,
T,24.167668023,35.845041594,0.0,,
T,22.278985415,36.827977232,0.0,,
T,21.083814090,37.684305441,0.0,,
T,20.352768290,38.318261180,,,
T,19.283462381,39.008552670,0.0,,
T,17.806934859,39.556683312,0.0,,
T,16.237656099,40.173337521,0.0,,
T,15.559556382,40.456351378,0.0,,
T,16.761001282,39.839755249,0.0,,
T,16.964533739,39.681257470,0.0,,
T,17.154712004,39.574192650,0.0,,
T,17.420102090,39.378143715,0.0,,
T,20.400632519,36.729032748,896.4,,
T,21.920827454,34.781517267,487.2,,
T,22.210822956,34.392485592,390.9,,
T,22.139000855,33.956160209,329.9,,
T,21.030459058,32.495839684,594.9,,
T,20.462425849,32.095805021,403.9,,
T,18.616582937,31.564401588,288.3,,
T,16.938344984,35.845985434,402.0,,
T,16.635229858,37.673622928,515.2,,
T,17.624400963,38.094996417,1302.3,,
T,19.721813413,37.157019861,39.1,,
T,21.446499820,35.290886628,593.6,,
T,21.553336079,35.027886242,798.0,,
T,21.671890988,34.176719451,487.3,,
T,20.296992022,34.427794251,471.7,,
T,18.592350176,35.428681007,513.4,,
T,17.050385334,37.072314647,672.5,,
T,16.963243893,37.214801100,412.7,,
T,16.342036100,37.749690930,684.3,,
T,17.761849515,36.553780219,598.1,,
T,20.183672753,33.926787009,361.7,,
T,21.273854637,32.323399699,526.5,,
T,20.198358856,33.278614446,342.9,,
T,19.883915128,33.546138963,351.7,,
T,19.802399573,33.701027355,347.1,,
T,19.618729692,33.823828763,360.7,,
T,19.524104780,34.028554588,351.4,,
T,17.224034777,36.787108459,484.0,,
T,14.855622875,39.349031682,2328.4,,
T,14.440351190,39.881377118,389.3,,
T,14.647727033,39.726093943,1777.4,,
T,14.878776450,39.688268371,1762.7,,
T,15.136240610,39.548121033,812.6,,
T,15.277494185,39.426262730,479.0,,
T,15.392622974,39.407060113,536.6,,
T,17.583036267,37.349648394,164.9,,
T,18.898840492,34.189782057,365.9,,
T,18.931677605,34.025411753,361.0,,
T,18.545309829,33.204747010,462.8,,
T,17.148978766,34.821179475,373.5,,
T,16.504715968,37.295649945,356.8,,
T,17.041117225,39.594033525,0.0,,
T,18.393474526,41.418181138,0.0,,
T,19.777620753,42.595528489,1234.4,,
T,20.150348550,42.773634879,1132.1,,
T,19.617287017,42.598873114,1422.9,,
T,17.724221886,41.703105969,0.0,,
T,16.635514886,41.131350153,0.0,,
T,18.518832965,40.341171683,0.0,,
T,20.986651586,39.200078722,0.0,,
T,21.097637490,39.177729815,0.0,,
T,22.123493263,38.634922755,0.0,,
T,22.714818184,38.353440376,0.0,,
T,23.613655712,37.867949973,,,
T,23.872484760,37.652437207,,,
T,24.733530739,37.079631249,0.0,,
T,25.458633990,36.632791403,0.0,,
T,26.000196967,36.304226829,0.0,,
T,26.640360297,35.753784432,0.0,,
T,26.750899418,35.478198055,0.0,,
T,26.700745956,35.219133768,0.0,,
T,26.416452767,35.080390869,0.0,,
T,26.084063358,35.173128077,0.0,,
T,26.010650239,35.274921282,0.0,,
T,25.201399147,36.138565126,0.0,,
T,25.066301708,36.280234498,0.0,,
T,24.857525550,36.519096840,,,
T,24.722330237,36.659118350,,,
T,24.623773696,36.868828529,,,
T,24.390440125,36.978809072,,,
T,24.304157199,37.131381560,0.0,,
T,22.738185256,38.476711782,0.0,,
T,21.442049755,39.285844355,59.0,,
T,20.845200432,39.553219568,18.0,,
T,20.063458664,39.932838061,0.0,,
T,18.824457147,40.606707303,0.0,,
T,18.091459205,41.153421864,0.0,,
T,18.602982027,41.039315308,0.0,,
T,21.061863104,40.358524005,2127.4,,
T,21.777351647,39.616296722,193.0,,
T,23.111675598,37.775612700,,,
T,25.016747348,36.026124220,0.0,,
T,26.244265953,35.155699800,0.0,,
T,26.957695594,34.733956749,0.0,,
T,28.092664321,34.030364304,678.9,,
T,28.898450751,33.399419649,424.2,,
T,29.106643398,33.133717110,240.4,,
T,29.216115599,32.837870272,0.0,,
T,28.176206246,33.609672717,0.0,,
T,27.217502530,34.740076037,0.0,,
T,26.430991590,35.756685033,0.0,,
T,25.507711445,36.646816741,0.0,,
T,24.645580263,37.468339653,149.0,,
T,23.660574891,38.116640824,0.0,,
T,22.400875427,39.008725377,0.0,,
T,22.179354605,39.055761353,4.2,,
T,23.796448894,37.981771551,,,
T,26.418189774,36.058483258,0.0,,
T,27.614567806,35.093487710,0.0,,
T,28.072765320,34.900444009,0.0,,
T,28.791170534,34.203182063,997.8,,
T,29.512442870,33.481546733,576.7,,
T,30.146819845,32.922729972,426.7,,
T,30.307488337,32.632940782,139.9,,
T,29.263398168,33.678394136,756.3,,
T,29.014758460,33.872466358,1263.5,,
T,27.343037259,35.884571194,214.2,,
T,27.281269923,35.929051368,150.2,,
T,26.465586977,36.795861567,240.5,,
T,25.540583490,37.430910778,477.7,,
T,24.210148809,38.222327943,53.7,,
T,23.006027257,38.674321588,0.0,,
T,23.979151900,38.094976654,0.0,,
T,25.924971628,36.883372884,57.2,,
T,27.738269821,35.745034400,283.5,,
T,28.606031242,35.353537920,1762.3,,
T,28.792531158,35.213884186,863.7,,
T,29.091040802,35.038791504,750.3,,
T,28.469667444,35.004910821,218.6,,
T,27.193276704,34.858250082,0.0,,
T,26.113663071,34.263370685,21.8,,
T,25.300175562,33.618069567,407.6,,
T,25.245680567,33.355026933,261.1,,
T,26.733291929,32.672498701,319.7,,
T,27.351081920,32.446698459,683.9,,
T,26.757751574,33.372132485,608.5,,
T,25.192292421,34.687625999,247.8,,
T,22.842339963,36.174969675,0.0,,
T,21.513458514,36.715808592,328.2,,
T,21.029739745,36.512156819,667.4,,
T,22.636133519,35.404125301,293.3,,
T,24.666960129,34.176936299,419.6,,
T,26.290507949,33.626825090,479.6,,
T,27.724256615,33.242115709,191.4,,
T,29.165893403,32.825981176,0.0,,
T,29.589388224,32.534573462,0.0,,
T,29.438250898,32.499979283,3.1,,
T,28.413429768,32.646346483,476.8,,
T,27.670942703,32.973772849,457.5,,
T,26.623588518,33.525763415,679.8,,
T,25.189369777,34.443556325,429.4,,
T,23.963937779,35.069133150,681.5,,
T,23.364289858,35.436475039,102.5,,
T,23.192529954,35.506759271,27.0,,
T,23.926066593,34.998181424,546.7,,
T,24.353700081,34.696480614,702.9,,
T,25.796499368,33.747606481,461.7,,
T,26.386209299,33.401260579,666.5,,
T,27.152609872,33.222250890,596.0,,
T,26.625264591,33.778295051,303.7,,
T,26.247101449,34.114222846,206.8,,
T,24.450103886,35.746465009,0.0,,
T,23.996990250,36.152696659,0.0,,
T,23.702718350,36.305429254,0.0,,
T,23.468634258,36.178761461,0.0,,
T,24.152370013,35.423789580,82.6,,
T,25.276783762,34.528291017,333.3,,
T,25.471857391,34.337508447,429.8,,
T,25.788910223,34.054502199,588.7,,
T,26.083348462,33.884929264,444.0,,
T,26.525895000,33.751719823,634.3,,
T,26.575540326,33.765003405,312.8,,
T,26.014558630,34.236905485,191.4,,
T,25.695622291,34.520560671,55.4,,
T,25.169979903,34.802802160,68.2,,
T,24.371263047,35.124695114,242.5,,
T,24.187821368,35.253372620,240.2,,
T,24.016131120,35.324774623,205.0,,
T,23.759514462,35.550411835,0.0,,
T,23.320294374,35.899929536,0.0,,
T,23.001853362,36.161263574,0.0,,
T,22.756641655,36.324904467,0.0,,
T,22.364384999,36.677972490,0.0,,
T,22.020121447,37.041944566,,,
T,21.761782343,37.254524855,0.0,,
T,21.343194528,37.475396565,0.0,,
T,20.886560775,37.624519990,0.0,,
T,20.391866973,37.702214938,0.0,,
T,20.045000079,37.824434228,0.0,,
T,19.710547408,37.893236335,0.0,,
T,19.363550794,38.014642419,0.0,,
T,18.952498270,38.171030944,0.0,,
T,18.590209537,38.341700465,0.0,,
T,18.228145301,38.510353272,0.0,,
T,17.612744825,38.823696489,0.0,,
T,17.070791157,39.045543343,0.0,,
T,16.817554835,38.963931715,83.5,,
T,17.246334856,38.090129519,1145.6,,
T,18.099538144,37.452615776,206.9,,
T,18.685924827,37.235522800,572.6,,
T,19.424129502,37.293198503,3.3,,
T,20.230622120,37.252939255,0.0,,
T,20.576385092,37.127410316,99.5,,
T,20.835070223,36.917384824,906.4,,
T,21.055525585,36.635965532,748.6,,
T,21.251968287,36.462599646,640.8,,
T,21.448253782,36.288563844,434.3,,
T,20.722164469,36.709757360,743.0,,
T,20.622929702,36.679998554,715.5,,
T,20.130134745,36.992931331,224.1,,
T,19.585551831,37.286045660,0.0,,
T,19.300830504,37.597036692,0.0,,
T,19.015130116,37.906773958,0.0,,
T,18.491406846,38.310640257,0.0,,
T,17.941430704,38.587817179,5.8,,
T,17.663256152,38.614682504,93.2,,
T,17.474248486,38.723762943,126.6,,
T,17.096242603,38.941569827,45.3,,
T,16.436031286,38.955679994,228.2,,
T,16.461186570,38.851660992,373.3,,
T,16.651046012,38.295797294,1739.4,,
T,17.018326341,37.906807717,502.3,,
T,17.207174207,37.796673049,866.3,,
T,17.810906071,37.533141176,141.4,,
T,18.399844044,37.318664307,322.1,,
T,18.673849255,37.288723273,230.0,,
T,19.023354089,37.169034942,236.4,,
T,19.248135296,37.124598438,172.2,,
T,19.632896110,36.843630545,385.2,,
T,19.892182638,36.634914780,994.3,,
T,20.249270813,36.452647253,710.9,,
T,20.594419691,36.323637041,523.0,,
T,20.190164917,36.723800652,780.8,,
T,19.336266698,37.209111763,58.0,,
T,19.137440430,37.375626334,0.0,,
T,18.503135348,37.805012778,16.7,,
T,18.290628249,38.021882557,4.6,,
T,18.027613630,38.222099103,163.0,,
T,17.776524235,38.368860608,145.1,,
T,17.537194692,38.462446857,292.0,,
T,17.838005417,37.880570111,798.7,,
T,18.362143530,37.476706987,151.1,,
T,18.774259833,37.319834725,112.7,,
T,19.011268116,37.222335175,172.6,,
T,19.746056659,37.048711371,167.9,,
T,20.810978948,37.025591970,295.0,,
T,21.094755852,36.937841005,195.9,,
T,21.921180080,36.780132750,100.5,,
T,22.277419362,36.594579370,0.8,,
T,22.424145482,36.403712251,0.4,,
T,22.693262609,36.130550521,0.0,,
T,22.949620513,35.910782642,0.0,,
T,23.230274617,35.577240913,0.0,,
T,22.457596974,36.000914541,57.8,,
T,21.832953383,36.462555336,963.3,,
T,21.598938112,36.566933390,725.6,,
T,21.277709265,36.586598609,971.3,,
T,21.410338328,36.218606779,387.7,,
T,22.035789048,35.760473819,585.8,,
T,22.487076719,35.359834444,373.3,,
T,22.976616373,35.027962110,379.0,,
T,23.270297142,34.872231405,674.1,,
T,23.808418722,34.543426554,441.5,,
T,22.483685461,35.122355922,606.2,,
T,21.775709648,35.741686289,365.1,,
T,21.752410385,35.852338987,286.8,,
T,22.612793686,35.515425928,247.9,,
T,23.658190628,35.282175184,341.9,,
T,24.199539206,35.196422487,275.4,,
T,24.295703595,34.982379950,583.9,,
T,24.513872016,34.680988799,380.6,,
T,24.876927944,34.174562852,442.7,,
T,24.983649825,33.899065216,456.7,,
T,25.406242591,33.335605000,280.5,,
T,25.415002562,33.833407758,532.1,,
T,25.171090248,35.045600019,,,
T,24.720357009,35.702656113,0.0,,
T,24.450103886,35.746465009,0.0,,
T,24.154287832,35.663006275,0.0,,
T,24.161413897,35.368087129,74.5,,
T,24.246227102,34.968332856,958.9,,
T,25.162979737,34.314681396,635.4,,
T,25.468457528,34.092143389,618.0,,
T,27.003069380,33.183664185,479.0,,
T,27.932237961,32.976109520,677.0,,
T,28.070378929,33.075247813,232.0,,
T,28.685864317,33.412711380,221.1,,
T,28.674515612,33.474018056,311.1,,
T,28.626340705,33.716957103,998.8,,
T,28.057869852,34.461150905,0.0,,
T,27.602341546,35.152192257,0.0,,
T,27.195032950,35.844223593,23.1,,
T,26.935587012,36.079070932,104.2,,
T,26.172262417,36.473486106,0.0,,
T,25.790790828,36.546739903,0.0,,
T,26.554139483,35.913198974,0.0,,
T,27.589745890,34.962970235,0.0,,
T,28.097088008,34.782542756,6.7,,
T,27.303728660,35.567974931,0.0,,
T,26.049225276,36.559702817,0.0,,
T,24.891746465,37.303885252,55.7,,
T,23.390927848,38.151898899,0.0,,
T,22.750983684,38.422614457,0.0,,
T,22.285095238,38.395115080,0.0,,
T,21.780828886,38.529683013,0.0,,
T,21.384135640,38.866479291,0.0,,
T,22.627562785,38.499955862,0.0,,
T,23.144349832,38.310146657,0.0,,
T,24.743422204,37.496965772,217.8,,
T,25.690785322,36.994498430,57.3,,
T,25.998761733,36.784934271,26.2,,
T,26.294186661,36.628063936,142.0,,
T,26.700826369,36.439569609,185.0,,
T,26.515788318,36.569103534,199.4,,
T,26.269129610,36.741210761,155.8,,
T,26.047836218,36.798813561,50.9,,
T,24.522510175,37.550203066,200.1,,
T,23.722228270,38.076641988,0.0,,
T,23.439817155,38.166741485,0.0,,
T,22.774285071,38.545767269,0.0,,
T,21.544131257,38.858649353,0.0,,
T,20.247212540,39.196759080,0.0,,
T,19.745717067,39.718463019,0.0,,
T,21.027368213,39.666603602,108.1,,
T,22.433215903,39.306930453,73.6,,
T,23.346844070,38.778430928,10.5,,
T,23.619475922,38.511988569,0.0,,
T,23.683850658,38.240586744,0.0,,
T,22.738185256,38.476711782,0.0,,
T,21.652288523,39.064297744,0.0,,
T,20.827633132,39.831213661,230.8,,
T,20.062293627,40.551484340,26.6,,
T,19.861612971,40.713485304,23.6,,
T,19.173329394,41.502604799,194.4,,
T,19.124233896,41.486700662,162.4,,
T,19.673963157,40.822324306,3.8,,
T,20.000122893,40.588356925,25.9,,
T,21.209389465,39.780220524,247.7,,
T,21.533285571,39.540023220,246.1,,
T,21.830427608,39.404642158,109.8,,
T,22.183967225,39.228500139,38.3,,
T,22.745768629,38.884043162,0.0,,
T,23.067441287,38.635102688,0.0,,
T,23.203464604,38.503214491,0.0,,
T,22.462347933,38.969884283,0.0,,
T,21.803921082,39.510496282,186.2,,
T,21.377873096,39.946756750,372.7,,
T,20.977820614,40.275228583,1007.3,,
T,20.452192738,40.674689366,785.1,,
T,20.362627223,40.815648038,454.5,,
T,19.773861538,41.247897491,713.4,,
T,19.278768372,41.704773134,766.8,,
T,18.920657503,42.035327561,944.3,,
T,18.383365602,42.416786805,2321.8,,
T,17.927844533,42.878949492,1129.8,,
T,18.843304151,41.340014786,39.1,,
T,19.204717871,40.784350681,0.0,,
T,18.632357579,41.327841802,10.8,,
T,18.196385626,41.744233273,291.7,,
T,17.807760228,42.174107609,70.0,,
T,17.312167704,42.401376482,23.1,,
T,16.828467228,42.576197149,0.0,,
T,16.424969297,42.279860448,0.0,,
T,16.375044115,42.263717441,0.0,,
T,16.517423658,41.758027702,0.0,,
T,16.681471800,41.754915390,0.0,,
T,16.916470617,41.885971559,8.4,,