T,49.157332734,20.133164002,2215.6,,
T,49.157434152,20.133516832,2228.7,,
T,49.157576174,20.133868297,2256.3,,
T,49.157634325,20.134149327,2282.0,,
T,49.157798571,20.134638408,2321.6,,
T,49.157933214,20.134985837,2354.4,,
T,49.157993652,20.135331636,2372.7,,
T,49.158112602,20.135607323,2365.3,,
T,49.158200087,20.135952047,2350.1,,
T,49.158330240,20.136229771,2339.9,,
T,49.158591060,20.136648981,2323.0,,
T,49.158713549,20.136930638,2282.5,,
T,49.158928759,20.137354734,2266.9,,
T,49.159108886,20.137706394,2266.6,,
T,49.159241577,20.138127831,2269.9,,
T,49.159392936,20.138475314,2289.0,,
T,49.159431849,20.138754735,2284.3,,
T,49.159540297,20.139030987,2291.1,,
T,49.159577200,20.139309501,2302.3,,
T,49.159735286,20.139854845,2353.8,,
T,49.159829103,20.140194110,2367.0,,
T,49.159892277,20.140466129,2365.1,,
T,49.160003865,20.140739905,2360.4,,
T,49.160081571,20.141085241,2355.1,,
T,49.160270216,20.141564372,2394.7,,
T,49.160448809,20.141847238,2389.8,,
T,49.160557625,20.142066073,2371.7,,
T,49.160726233,20.142293263,2334.9,,
T,49.160984200,20.142611776,2289.3,,
T,49.161171696,20.142708971,2263.8,,
T,49.161482129,20.142752256,2246.2,,
T,49.161764127,20.142942785,2229.3,,
T,49.161987737,20.143127306,2219.0,,
T,49.162297647,20.143640436,2195.3,,
T,49.162637141,20.144248648,2143.8,,
T,49.162611384,20.144403826,2130.0,,
T,49.162400355,20.144051555,2167.9,,
T,49.162229103,20.143628737,2197.7,,
T,49.161856426,20.143107112,2219.8,,
T,49.161553568,20.142464149,2258.0,,
T,49.161338544,20.141919579,2298.4,,
T,49.161082441,20.141382264,2343.5,,
T,49.160898330,20.140806189,2388.6,,
T,49.160748927,20.140243818,2428.1,,
T,49.160656967,20.139825827,2422.6,,
T,49.160582081,20.139481559,2406.8,,
T,49.160455505,20.139065478,2399.7,,
T,49.160343042,20.138582946,2394.6,,
T,49.160270132,20.138238193,2392.6,,
T,49.160151567,20.137823139,2400.4,,
T,49.160094630,20.137405488,2413.8,,
T,49.159945740,20.136987816,2417.5,,
T,49.159857085,20.136501309,2413.6,,
T,49.159737587,20.136155426,2428.7,,
T,49.159631089,20.135742931,2454.2,,
T,49.159612364,20.135330775,2470.3,,
T,49.159633503,20.134986175,2458.0,,
T,49.159620826,20.134640118,2436.8,,
T,49.159610702,20.134292521,2437.1,,
T,49.159576444,20.133872157,2429.6,,
T,49.159569738,20.133590122,2425.7,,
T,49.159563003,20.133306770,2403.7,,
T,49.159486943,20.132880089,2371.6,,
T,49.159413881,20.132519992,2352.7,,
T,49.159258525,20.132086822,2320.7,,
T,49.159185089,20.131791766,2296.5,,
T,49.159139945,20.131792745,2296.1,,
T,49.159068736,20.131494800,2271.8,,
T,49.158996979,20.131194598,2237.5,,
T,49.158883501,20.130820478,2192.3,,
T,49.158738707,20.130597840,2162.3,,
T,49.158507618,20.130231421,2078.9,,
T,49.158342042,20.130086837,2067.2,,
T,49.158250201,20.130233119,2063.6,,
T,49.158219664,20.130531452,2074.7,,
T,49.158217650,20.130833303,2116.6,,
T,49.158281719,20.131209684,2174.7,,
T,49.158284017,20.131659128,2197.3,,
T,49.158323896,20.132314309,2230.1,,
T,49.158428374,20.133096096,2289.6,,
T,49.158440822,20.133941655,2300.3,,
T,49.158545246,20.134777785,2338.4,,
T,49.158671937,20.135537748,2395.9,,
T,49.158802522,20.136020074,2403.5,,
T,49.159047672,20.136576633,2364.9,,
T,49.159298522,20.136996683,2341.7,,
T,49.159515413,20.137345530,2344.1,,
T,49.159758429,20.137762316,2361.0,,
T,49.160059361,20.138244329,2370.6,,
T,49.160308600,20.138653496,2390.1,,
T,49.160644950,20.139062044,2419.6,,
T,49.160883663,20.139336944,2447.7,,
T,49.161245563,20.139483082,2492.6,,
T,49.161570981,20.139709896,2475.2,,
T,49.162020262,20.139808028,2454.2,,
T,49.162502489,20.139924143,2398.3,,
T,49.162858126,20.139948654,2346.0,,
T,49.163279536,20.139977690,2290.8,,
T,49.163605164,20.139777815,2229.3,,
T,49.163946404,20.139651351,2225.7,,
T,49.164181395,20.139293368,2233.1,,
T,49.164491541,20.139012265,2257.8,,
T,49.164707185,20.138503874,2317.1,,
T,49.164924374,20.137995351,2328.2,,
T,49.165105177,20.137265712,2352.8,,
T,49.165243961,20.136466433,2358.3,,
T,49.165276020,20.135454117,2382.6,,
T,49.165302531,20.134670915,2418.5,,
T,49.165198957,20.133902501,2490.0,,
T,49.165232797,20.133136369,2537.8,,
T,49.165316974,20.132432510,2553.9,,
T,49.165494894,20.131852281,2568.7,,
T,49.165530042,20.131491786,2568.3,,
T,49.165574354,20.130986200,2545.4,,
T,49.165489350,20.130692780,2527.2,,
T,49.165362735,20.130398060,2506.1,,
T,49.165175964,20.130249733,2485.3,,
T,49.165014096,20.129951019,2464.5,,
T,49.164667691,20.129642714,2404.8,,
T,49.164381276,20.129483102,2352.9,,
T,49.164129857,20.129324581,2319.1,,
T,49.163756705,20.129321647,2305.9,,
T,49.163446482,20.129326079,2293.4,,
T,49.163160167,20.129322466,2283.0,,
T,49.162847604,20.129472119,2272.0,,
T,49.162632424,20.129689476,2266.7,,
T,49.162388549,20.130060100,2259.3,,
T,49.162248181,20.130208222,2249.2,,
T,49.162125436,20.130650720,2255.2,,
T,49.162083165,20.131020819,2311.7,,
T,49.162055467,20.131242631,2348.2,,
T,49.162130757,20.131540460,2392.7,,
T,49.162292540,20.131764724,2425.2,,
T,49.162470972,20.132134296,2469.6,,
T,49.162663305,20.132427550,2487.7,,
T,49.162950553,20.132646352,2523.1,,
T,49.163314467,20.132794466,2554.2,,
T,49.163566788,20.132869891,2559.1,,
T,49.163939174,20.133015066,2584.6,,
T,49.164267104,20.133014951,2603.6,,
T,49.164852800,20.132861890,2607.2,,
T,49.165476176,20.132632392,2524.1,,
T,49.166038492,20.132262413,2545.5,,
T,49.166504903,20.132040959,2572.1,,
T,49.167008555,20.131526927,2583.5,,
T,49.167719989,20.130912810,2532.7,,
T,49.168316474,20.130359954,2515.1,,
T,49.168726776,20.129886558,2511.1,,
T,49.169060261,20.129490724,2470.5,,
T,49.169390588,20.128945072,2409.1,,
T,49.169660008,20.128498231,2338.0,,
T,49.169583541,20.128182851,2326.4,,
T,49.169349333,20.127799095,2302.0,,
T,49.169141581,20.127390213,2264.5,,
T,49.168908072,20.126970458,2217.7,,
T,49.168603175,20.126555835,2166.3,,
T,49.168098109,20.126181732,2121.4,,
T,49.167175998,20.125930960,2167.8,,
T,49.166168133,20.125870495,2266.9,,
T,49.165540134,20.125869918,2364.3,,
T,49.164962249,20.125787037,2292.0,,
T,49.164591222,20.125780272,2272.5,,
T,49.164122911,20.125778765,2264.5,,
T,49.163620339,20.126013142,2260.8,,
T,49.163105916,20.126253737,2251.8,,
T,49.162683337,20.126563184,2240.5,,
T,49.162255487,20.126874920,2241.3,,
T,49.161785496,20.127329912,2236.3,,
T,49.161482905,20.127620499,2226.6,,
T,49.161152631,20.127976215,2200.4,,
T,49.160783657,20.128474481,2161.8,,
T,49.160542462,20.128973070,2139.0,,
T,49.160285552,20.129406502,2131.7,,
T,49.160102565,20.129844005,2140.3,,
T,49.160000330,20.130210300,2149.8,,
T,49.159792837,20.130654450,2176.4,,
T,49.159752482,20.131025634,2209.0,,
T,49.159900025,20.131246181,2227.6,,
T,49.160143810,20.131391358,2237.7,,
T,49.160563817,20.131534072,2261.4,,
T,49.161081057,20.131530698,2257.3,,
T,49.161614979,20.131533495,2331.1,,
T,49.162228116,20.131394629,2382.8,,
T,49.162864731,20.130964614,2352.8,,
T,49.163528974,20.130372217,2350.1,,
T,49.164124696,20.129856405,2368.4,,
T,49.164705388,20.129186248,2348.6,,
T,49.165314873,20.128342543,2364.1,,
T,49.165771210,20.127662137,2378.0,,
T,49.166240766,20.126882349,2345.1,,
T,49.166811635,20.126013156,2200.4,,
T,49.167085565,20.125482304,2159.1,,
T,49.167327938,20.125036363,2130.3,,
T,49.167377593,20.124483270,2111.7,,
T,49.167313592,20.124417396,2113.8,,
T,49.166923640,20.124373502,2139.1,,
T,49.166303521,20.124336095,2217.4,,
T,49.165703594,20.124349274,2353.6,,
T,49.165184515,20.124278752,2420.8,,
T,49.164823203,20.124170398,2343.1,,
T,49.164357183,20.124118690,2254.1,,
T,49.163950999,20.124079771,2222.0,,
T,49.163482698,20.124077218,2196.1,,
T,49.163036991,20.124087413,2180.5,,
T,49.162420045,20.124271191,2197.7,,
T,49.161994024,20.124687713,2227.5,,
T,49.161558921,20.125081714,2204.2,,
T,49.161332158,20.125523433,2195.9,,
T,49.161107127,20.125891253,2187.8,,
T,49.160969896,20.126256706,2188.6,,
T,49.160919772,20.126620640,2198.3,,
T,49.161001775,20.127053557,2204.0,,
T,49.161220521,20.127408918,2214.7,,
T,49.161620270,20.127903516,2229.5,,
T,49.161969518,20.128114828,2238.3,,
T,49.162431954,20.128314694,2251.2,,
T,49.163029639,20.128368457,2260.1,,
T,49.163487251,20.128428492,2269.2,,
T,49.163990718,20.128415634,2276.0,,
T,49.164394557,20.128408376,2281.1,,
T,49.164687023,20.128410686,2296.3,,
T,49.165053348,20.128111077,2303.6,,
T,49.165378807,20.127810397,2332.7,,
T,49.165730081,20.127370145,2353.4,,
T,49.166096522,20.126833073,2356.6,,
T,49.166507420,20.126237153,2258.1,,
T,49.167085565,20.125482304,2159.1,,
T,49.167417998,20.124863177,2120.0,,
T,49.167638971,20.124191578,2087.6,,
T,49.167836799,20.123373836,2069.1,,
T,49.167865545,20.122669918,2062.1,,
T,49.167862345,20.121983504,2069.3,,
T,49.167859349,20.121450142,2075.2,,
T,49.167671988,20.121129437,2084.5,,
T,49.167337869,20.121001396,2128.3,,
T,49.166801670,20.121058097,2213.4,,
T,49.166098611,20.121206424,2251.7,,
T,49.165776139,20.121279586,2326.8,,
T,49.165440428,20.121244934,2361.6,,
T,49.165200175,20.121305676,2344.3,,
T,49.164973820,20.121429449,2334.3,,
T,49.164797366,20.121651739,2349.9,,
T,49.164565058,20.122174653,2307.2,,
T,49.164536318,20.122485858,2293.5,,
T,49.164638146,20.122895060,2319.0,,
T,49.164831098,20.123224869,2368.9,,
T,49.165107660,20.123552674,2403.6,,
T,49.165477398,20.123727671,2408.9,,
T,49.166107501,20.123881203,2238.6,,
T,49.167278644,20.123807336,2109.1,,
T,49.168015431,20.123962879,2061.5,,
T,49.168633358,20.124034085,2034.5,,
T,49.169208222,20.123976303,2020.1,,
T,49.169499593,20.123713232,2015.9,,
T,49.169455323,20.123634854,2012.1,,
T,49.169203336,20.123413666,2003.3,,
T,49.168795577,20.123381160,2014.3,,
T,49.168425891,20.123354190,2029.7,,
T,49.168103302,20.123404709,2047.0,,
T,49.167663415,20.123646735,2080.2,,
T,49.167351043,20.123868325,2104.5,,
T,49.166805698,20.124486027,2149.8,,
T,49.166541875,20.125093428,2189.6,,
T,49.166176489,20.125720266,2258.6,,
T,49.166076028,20.126549540,2338.4,,
T,49.166069630,20.127208848,2379.6,,
T,49.166125725,20.127803327,2397.4,,
T,49.166133400,20.128354433,2443.3,,
T,49.166259875,20.128658382,2442.1,,
T,49.166473402,20.129032409,2437.1,,
T,49.166812122,20.129092066,2412.4,,
T,49.167148438,20.129153086,2412.8,,
T,49.167416028,20.129137293,2419.5,,
T,49.167864559,20.129106791,2456.9,,
T,49.167995339,20.129021176,2469.7,,
T,49.168259046,20.128762399,2423.8,,
T,49.168539247,20.128396146,2344.8,,
T,49.168735317,20.127887361,2280.2,,
T,49.168951757,20.126970744,2218.8,,
T,49.168985056,20.126301501,2165.4,,
T,49.168893240,20.125637183,2110.6,,
T,49.168604855,20.125242316,2073.1,,
T,49.168278704,20.125037538,2078.5,,
T,49.167916804,20.125003169,2094.1,,
T,49.167540402,20.125074357,2118.3,,
T,49.167085565,20.125482304,2159.1,,
T,49.166917416,20.125911552,2181.3,,
T,49.166835283,20.126318941,2209.8,,
T,49.166708251,20.127036515,2307.1,,
T,49.166779723,20.127826358,2349.5,,
T,49.166773121,20.128398538,2371.9,,
T,49.166890110,20.129395131,2438.7,,
T,49.167123800,20.129916067,2477.1,,
T,49.167363595,20.130278850,2515.8,,
T,49.167681211,20.130551945,2562.2,,
T,49.168190986,20.130732050,2504.2,,
T,49.168662779,20.130695928,2471.6,,
T,49.169310300,20.130642333,2415.1,,
T,49.169697339,20.130468294,2393.4,,
T,49.170057032,20.130075295,2402.7,,
T,49.170202889,20.129624715,2403.3,,
T,49.170301574,20.129088367,2307.6,,
T,49.170473079,20.128604999,2283.6,,
T,49.170570398,20.128201101,2274.1,,
T,49.170468553,20.127725377,2243.6,,
T,49.170293968,20.127331657,2211.5,,
T,49.170046783,20.127021664,2192.7,,
T,49.169684313,20.126704611,2212.4,,
T,49.169258059,20.126637599,2196.7,,
T,49.168808530,20.126638601,2188.0,,
T,49.168371020,20.126820377,2194.6,,
T,49.167702381,20.127296475,2263.1,,
T,49.166911436,20.127898795,2334.0,,
T,49.166380358,20.128574477,2422.5,,
T,49.166132711,20.129202736,2491.0,,
T,49.165850123,20.130106012,2536.7,,
T,49.165748443,20.130913552,2559.6,,
T,49.165719305,20.131707678,2584.3,,
T,49.165886245,20.132266834,2547.0,,
T,49.166213562,20.132675340,2525.5,,
T,49.166671370,20.133011394,2508.6,,
T,49.167388254,20.133267212,2431.2,,
T,49.167908304,20.133317289,2388.8,,
T,49.168656320,20.133285466,2314.2,,
T,49.169260943,20.133189445,2277.6,,
T,49.169745941,20.132804075,2290.7,,
T,49.170034784,20.132348825,2293.8,,
T,49.170215077,20.131676712,2313.4,,
T,49.170182169,20.130871669,2342.9,,
T,49.170030177,20.129783466,2423.4,,
T,49.170122762,20.128865004,2305.8,,
T,49.170273401,20.127655185,2227.6,,
T,49.170213184,20.126599293,2168.8,,
T,49.170013139,20.125680670,2118.6,,
T,49.169715607,20.125269852,2091.2,,
T,49.169282062,20.125203815,2065.3,,
T,49.168755469,20.125235911,2072.7,,
T,49.168184967,20.125688976,2102.0,,
T,49.167560119,20.126500095,2185.8,,
T,49.166902850,20.127561437,2323.0,,
T,49.166237449,20.128967722,2463.4,,
T,49.165992924,20.130326323,2550.6,,
T,49.165973088,20.130473645,2552.3,,
T,49.165860503,20.131562996,2587.7,,
T,49.166051135,20.132402380,2532.3,,
T,49.166486830,20.133157059,2505.4,,
T,49.167066434,20.133705780,2416.8,,
T,49.167801234,20.133970333,2345.4,,
T,49.168552471,20.134021735,2255.4,,
T,49.169374371,20.134004696,2238.8,,
T,49.169926276,20.133697068,2256.8,,
T,49.170430554,20.133308679,2245.5,,
T,49.170817439,20.132544626,2248.5,,
T,49.171071521,20.131571173,2292.3,,
T,49.171237133,20.130378241,2374.4,,
T,49.171611415,20.128882392,2278.3,,
T,49.172449372,20.127427271,2124.0,,
T,49.172771931,20.126537465,2070.7,,
T,49.172767759,20.125695252,2047.0,,
T,49.172303213,20.125286007,2078.2,,
T,49.171588186,20.125025232,2133.7,,
T,49.170980015,20.124851626,2119.4,,
T,49.170381874,20.124891231,2080.6,,
T,49.169738679,20.125183137,2088.3,,
T,49.169506410,20.125281560,2077.8,,
T,49.168865382,20.125972931,2131.7,,
T,49.168244882,20.126909861,2208.7,,
T,49.167523979,20.127910339,2355.3,,
T,49.167087084,20.128770672,2386.8,,
T,49.166903823,20.129547363,2451.3,,
T,49.166796870,20.130232235,2497.5,,
T,49.166882025,20.130670558,2529.1,,
T,49.167094735,20.131026993,2561.3,,
T,49.167599317,20.131351907,2550.6,,
T,49.168321825,20.131514729,2437.2,,
T,49.168870353,20.131471229,2409.6,,
T,49.169470180,20.131427884,2347.4,,
T,49.170056933,20.131170134,2335.1,,
T,49.170109297,20.130802312,2347.8,,
T,49.170026836,20.130370542,2378.2,,
T,49.169599043,20.129675207,2452.0,,
T,49.169287664,20.128789463,2393.1,,
T,49.169277908,20.127882796,2304.7,,
T,49.169036635,20.127139094,2236.0,,
T,49.168702286,20.126720830,2189.9,,
T,49.168036848,20.126677840,2173.8,,
T,49.167325032,20.126932121,2240.7,,
T,49.166570719,20.127839467,2380.3,,
T,49.165844114,20.128984993,2468.1,,
T,49.165454880,20.130324639,2512.3,,
T,49.165222125,20.131786159,2556.6,,
T,49.165223693,20.133414366,2517.1,,
T,49.165913324,20.134587402,2377.2,,
T,49.166612939,20.135595074,2288.1,,
T,49.167419072,20.136343040,2187.3,,
T,49.168161178,20.136655112,2134.4,,
T,49.169064140,20.136738506,2113.5,,
T,49.169767638,20.136509039,2131.7,,
T,49.170246859,20.136049439,2179.6,,
T,49.170683827,20.135205617,2206.0,,
T,49.171000842,20.134206464,2194.3,,
T,49.171100259,20.133062790,2203.5,,
T,49.170845478,20.131875034,2288.2,,
T,49.170393430,20.130423870,2364.2,,
T,49.170364924,20.130205300,2378.7,,
T,49.169952519,20.128875381,2323.0,,
T,49.169752409,20.127529136,2277.9,,
T,49.169431269,20.126547205,2194.3,,
T,49.169073713,20.125885001,2135.8,,
T,49.168420328,20.125665319,2094.3,,
T,49.167798738,20.125740140,2123.4,,
T,49.166947075,20.126215674,2192.2,,
T,49.166380564,20.126860545,2326.8,,
T,49.165993771,20.127893074,2409.4,,
T,49.165811137,20.128752433,2454.0,,
T,49.165641769,20.129808611,2497.6,,
T,49.165763348,20.130473727,2540.8,,
T,49.166024292,20.131059034,2586.2,,
T,49.166468174,20.131621107,2593.4,,
T,49.167099265,20.131875677,2556.9,,
T,49.167752847,20.131909082,2522.5,,
T,49.168474712,20.131861253,2419.4,,
T,49.168932774,20.131755596,2381.0,,
T,49.169294504,20.131509674,2368.5,,
T,49.169303895,20.131004752,2394.2,,
T,49.169285172,20.130499855,2429.2,,
T,49.169076578,20.129717861,2480.7,,
T,49.168996746,20.128376570,2339.0,,
T,49.168801405,20.127385500,2243.2,,
T,49.168459715,20.126483575,2150.9,,
T,49.167798738,20.125740140,2123.4,,
T,49.166779611,20.125636345,2182.9,,
T,49.166001664,20.125834469,2296.3,,
T,49.165637956,20.126081864,2352.1,,
T,49.165536602,20.126433317,2339.0,,
T,49.165477994,20.127076887,2326.7,,
T,49.165462810,20.127811005,2347.3,,
T,49.165424165,20.128740155,2404.9,,
T,49.165605587,20.129508575,2473.9,,
T,49.165827756,20.129958064,2530.8,,
T,49.166221586,20.130250162,2534.2,,
T,49.166673254,20.130313421,2498.0,,
T,49.167211493,20.130213070,2502.0,,
T,49.167769076,20.129653262,2465.0,,
T,49.168259046,20.128762399,2423.8,,
T,49.168907292,20.127304216,2243.7,,
T,49.169266042,20.125708779,2131.5,,
T,49.169296271,20.124210212,2030.8,,
T,49.168998051,20.123037627,2001.4,,
T,49.168471025,20.122251101,2020.9,,
T,49.167614955,20.121669886,2093.2,,
T,49.166280343,20.121774326,2232.5,,
T,49.165575990,20.121924816,2381.9,,
T,49.165073183,20.122192181,2394.8,,
T,49.164814258,20.122774043,2350.8,,
T,49.164621319,20.123486243,2314.2,,
T,49.164535442,20.124212126,2279.1,,
T,49.164538504,20.124790752,2286.7,,
T,49.164704907,20.125641945,2284.0,,
T,49.165078501,20.126354661,2288.1,,
T,49.165386746,20.126787827,2316.1,,
T,49.165811438,20.127299047,2359.2,,
T,49.166558911,20.127518777,2375.6,,
T,49.167141539,20.127537777,2302.0,,
T,49.167908192,20.127435521,2266.8,,
T,49.168269347,20.127159762,2229.0,,
T,49.168579740,20.126640638,2176.6,,
T,49.168682113,20.126221103,2136.8,,
T,49.168665579,20.125810056,2104.4,,
T,49.168288268,20.125435190,2090.8,,
T,49.167895687,20.125165191,2101.2,,
T,49.167044581,20.125181316,2152.5,,
T,49.165799796,20.125432804,2336.1,,
T,49.165250471,20.125450801,2352.5,,
T,49.164734467,20.125503396,2292.9,,
T,49.164465675,20.125778718,2266.7,,
T,49.164312161,20.126134140,2260.6,,
T,49.164277761,20.126712528,2254.2,,
T,49.164272981,20.127297303,2258.0,,
T,49.164434673,20.127883919,2273.5,,
T,49.164706659,20.128330873,2296.0,,
T,49.164937218,20.128732456,2329.8,,
T,49.165269975,20.129051240,2405.9,,
T,49.165630340,20.129057679,2456.4,,
T,49.166001997,20.128903173,2467.7,,
T,49.166247058,20.128503973,2436.0,,
T,49.166487345,20.127765361,2388.7,,
T,49.166534326,20.126832484,2303.6,,
T,49.166085049,20.125888818,2281.0,,
T,49.165598698,20.124939934,2341.9,,
T,49.165148657,20.124275071,2414.4,,
T,49.164857839,20.123813278,2361.5,,
T,49.164547680,20.123696749,2292.8,,
T,49.164306879,20.123806540,2247.8,,
T,49.164091134,20.124244317,2237.6,,
T,49.163954802,20.124976730,2254.0,,
T,49.163942822,20.125492363,2259.7,,
T,49.164085116,20.126067609,2262.2,,
T,49.164317969,20.126495321,2255.8,,
T,49.164633144,20.126779759,2264.6,,
T,49.164975057,20.127072022,2288.7,,
T,49.165354117,20.127074944,2316.9,,
T,49.165894261,20.126936379,2361.9,,
T,49.166871671,20.126154773,2200.2,,
T,49.167817203,20.125180489,2106.2,,
T,49.168171945,20.124335062,2059.8,,
T,49.168287583,20.123455905,2038.2,,
T,49.168331105,20.122894507,2025.8,,
T,49.168010407,20.122639300,2048.0,,
T,49.167470534,20.122538791,2094.7,,
T,49.166463721,20.122794432,2217.1,,
T,49.165475586,20.123077031,2403.6,,
T,49.164866677,20.123156867,2379.1,,
T,49.164281245,20.123504570,2243.9,,
T,49.163669616,20.123995036,2201.0,,
T,49.163071515,20.124701194,2209.0,,
T,49.162555899,20.125767525,2236.0,,
T,49.162402207,20.126576393,2240.4,,
T,49.162297254,20.127524365,2244.3,,
T,49.162387208,20.128027069,2248.6,,
T,49.162569925,20.128310192,2253.3,,
T,49.162983035,20.128442386,2260.4,,
T,49.163345220,20.128433978,2267.7,,
T,49.163826773,20.128340300,2271.3,,
T,49.164260148,20.127739552,2266.2,,
T,49.164455089,20.127365590,2264.1,,
T,49.164509463,20.126923330,2262.1,,
T,49.164495955,20.126346606,2259.0,,
T,49.164243117,20.125637500,2266.8,,
T,49.163911787,20.125122228,2252.7,,
T,49.163422764,20.124841619,2226.3,,
T,49.162778768,20.124795581,2229.0,,
T,49.162116517,20.124835580,2228.3,,
T,49.161643586,20.125226065,2205.0,,
T,49.161059495,20.126110004,2188.6,,
T,49.160662053,20.127269478,2182.9,,
T,49.160648844,20.128261962,2159.9,,
T,49.160671642,20.129332714,2147.2,,
T,49.160902334,20.130133728,2168.2,,
T,49.161204241,20.130648644,2189.6,,
T,49.161647344,20.130869976,2233.5,,
T,49.162100051,20.130872997,2280.9,,
T,49.162689329,20.130586466,2293.1,,
T,49.163225383,20.129919009,2301.3,,
T,49.163713753,20.128945893,2291.7,,
T,49.163973652,20.128042585,2265.4,,
T,49.164004336,20.127011253,2252.8,,
T,49.163813655,20.126219910,2259.6,,
T,49.163344431,20.125660428,2261.3,,
T,49.162881939,20.125534945,2248.9,,
T,49.162188946,20.125565680,2224.7,,
T,49.161539391,20.126102221,2213.6,,
T,49.160872356,20.126839068,2196.9,,
T,49.160457022,20.127553553,2168.6,,
T,49.160138316,20.128334889,2128.9,,
T,49.160024975,20.129192818,2123.1,,
T,49.160012118,20.129918161,2141.1,,
T,49.160144315,20.130578248,2165.2,,
T,49.160404312,20.131019545,2191.9,,
T,49.160816747,20.131165197,2206.6,,
T,49.161327244,20.131163651,2278.0,,
T,49.161860939,20.130797486,2245.4,,
T,49.162375709,20.130208009,2257.4,,
T,49.162589965,20.129689502,2265.1,,
T,49.162638114,20.129254909,2261.6,,
T,49.162612428,20.128815546,2258.7,,
T,49.162244236,20.128466359,2245.7,,
T,49.161803199,20.128257449,2231.7,,
T,49.161330353,20.128188401,2209.0,,
T,49.160777027,20.128261470,2167.8,,
T,49.160275036,20.128618480,2128.8,,
T,49.159806749,20.129195451,2118.4,,
T,49.159351148,20.130071952,2128.1,,
T,49.158936885,20.131044657,2219.3,,
T,49.158560104,20.132387042,2257.6,,
T,49.158389949,20.133590037,2285.0,,
T,49.158400377,20.134569273,2328.8,,
T,49.158680184,20.135261954,2372.7,,
T,49.158979021,20.135606337,2409.4,,
T,49.159443353,20.135605906,2457.1,,
T,49.159923057,20.135399431,2481.0,,
T,49.160374434,20.134776006,2473.6,,
T,49.160683568,20.134283212,2442.9,,
T,49.160893917,20.133566155,2396.5,,
T,49.161080755,20.132475983,2328.7,,
T,49.161058602,20.131311160,2227.5,,
T,49.160850433,20.130280873,2169.7,,
T,49.160543645,20.129693416,2145.3,,
T,49.160155259,20.129335669,2128.3,,
T,49.159717228,20.129269496,2118.1,,
T,49.159445603,20.129564810,2116.6,,
T,49.159171956,20.130219379,2124.6,,
T,49.158800661,20.131048106,2224.5,,
T,49.158754275,20.131276234,2252.4,,
T,49.158430358,20.132458510,2249.4,,
T,49.158350043,20.133589909,2278.5,,
T,49.158312929,20.134777197,2339.5,,
T,49.158517309,20.135537863,2395.0,,
T,49.158879746,20.136019875,2411.9,,
T,49.159299778,20.136226665,2405.1,,
T,49.159601682,20.136225407,2417.1,,
T,49.159943586,20.135948196,2450.4,,
T,49.160249305,20.135398954,2497.5,,
T,49.160537642,20.134285341,2441.1,,
T,49.160879885,20.132624364,2332.5,,
T,49.161009446,20.131384569,2232.7,,
T,49.160778606,20.130060611,2162.0,,
T,49.160500817,20.129477334,2140.6,,
T,49.160155225,20.129263617,2127.1,,
T,49.159804233,20.129340535,2121.5,,
T,49.159438702,20.129855179,2124.1,,
T,49.159131535,20.130964578,2199.1,,
T,49.158804217,20.132387638,2282.1,,
T,49.158688992,20.133802241,2328.0,,
T,49.158719162,20.135261955,2374.3,,
T,49.159059093,20.136646755,2359.0,,
T,49.159546112,20.137767454,2331.1,,
T,49.159923144,20.138666840,2354.8,,
T,49.160314330,20.139278460,2380.0,,
T,49.160697164,20.139479617,2423.4,,
T,49.161003519,20.139474449,2469.7,,
T,49.160991625,20.139126355,2454.6,,
T,49.160960600,20.138154801,2467.9,,
T,49.160771832,20.137118452,2479.8,,
T,49.160766145,20.137049130,2479.5,,
T,49.160385996,20.136084783,2472.7,,
T,49.160147916,20.135605230,2482.4,,
T,49.159754843,20.134986060,2464.5,,
T,49.159673947,20.134986134,2460.3,,
T,49.159612364,20.135330775,2470.3,,
T,49.159664438,20.136155834,2424.8,,
T,49.159915352,20.137408620,2394.8,,
T,49.160138822,20.139146654,2363.6,,
T,49.160296967,20.140451382,2398.4,,
T,49.160680071,20.141579474,2375.4,,
T,49.161226094,20.142345493,2278.5,,
T,49.161337591,20.142286599,2276.0,,
T,49.161307818,20.141697831,2313.6,,
T,49.161190876,20.140820593,2381.9,,
T,49.160965266,20.139475096,2463.7,,
T,49.160815030,20.138226657,2453.4,,
T,49.160598999,20.137328356,2459.7,,
T,49.160270532,20.136498946,2445.4,,
T,49.160064821,20.136361473,2433.5,,
T,49.159868054,20.136293186,2425.9,,
T,49.159722961,20.136641149,2395.7,,
T,49.159764552,20.137271467,2381.8,,
T,49.159927697,20.139015755,2341.7,,
T,49.160268391,20.139693013,2373.3,,
T,49.160779303,20.139825632,2437.2,,
T,49.161607308,20.139639121,2479.5,,
T,49.162567492,20.138772390,2349.1,,
T,49.162848633,20.137494097,2443.4,,
T,49.162898410,20.135393580,2596.7,,
T,49.162898710,20.135116105,2579.6,,
T,49.163050438,20.133503070,2567.3,,
T,49.162866808,20.132067383,2487.3,,
T,49.162646414,20.131698452,2431.6,,
T,49.162379503,20.131692882,2413.7,,
T,49.161971867,20.132267789,2399.1,,
T,49.161807818,20.133201618,2413.9,,
T,49.161593815,20.134626905,2473.6,,
T,49.161400896,20.135809903,2558.6,,
T,49.161540967,20.136907975,2543.4,,
T,49.161883055,20.137743490,2460.0,,
T,49.162609094,20.138272854,2386.6,,
T,49.163019102,20.138360412,2358.2,,
T,49.163161761,20.138221180,2370.5,,
T,49.163188520,20.137789605,2410.9,,
T,49.162881081,20.136645450,2512.6,,
T,49.162598391,20.135463480,2592.8,,
T,49.162285713,20.134344619,2493.5,,
T,49.161963191,20.133846714,2446.1,,
T,49.161408728,20.133704037,2406.6,,
T,49.160781091,20.134281793,2444.5,,
T,49.160430932,20.135260928,2502.9,,
T,49.160391695,20.136567412,2455.6,,
T,49.160626317,20.137883910,2435.6,,
T,49.160931195,20.138432405,2457.3,,
T,49.161288819,20.138713880,2490.1,,
T,49.161693115,20.138789354,2462.7,,
T,49.162382738,20.138761660,2366.5,,
T,49.162803592,20.138424027,2362.9,,
T,49.163022354,20.138072294,2386.0,,
T,49.163030427,20.137570078,2424.9,,
T,49.162770749,20.136644007,2520.2,,
T,49.162344486,20.135947123,2587.7,,
T,49.162126273,20.135464097,2551.9,,
T,49.161694622,20.135256605,2515.4,,
T,49.161229276,20.135258444,2520.7,,
T,49.160826172,20.135259790,2501.9,,
T,49.160331998,20.135810600,2483.5,,
T,49.160233023,20.136499162,2442.3,,
T,49.160257984,20.137193441,2429.0,,
T,49.160304025,20.138098436,2396.9,,
T,49.160566101,20.138993573,2410.7,,
T,49.160858021,20.139686388,2447.4,,
T,49.161349169,20.140123327,2436.3,,
T,49.161924705,20.140236362,2429.0,,
T,49.162555881,20.140292301,2395.8,,
T,49.163048569,20.140035140,2328.8,,
T,49.163276089,20.139609233,2272.6,,
T,49.163399238,20.138592807,2314.9,,
T,49.163165954,20.137430368,2438.0,,
T,49.162842822,20.136017475,2565.5,,
T,49.162676811,20.134976746,2556.7,,
T,49.162521602,20.134626765,2522.3,,
T,49.162654964,20.135324453,2589.1,,
T,49.162916860,20.136156937,2550.1,,
T,49.163444070,20.136936598,2485.1,,
T,49.164177987,20.137601020,2383.6,,
T,49.165150983,20.138079371,2297.5,,
T,49.166498204,20.138530705,2104.3,,
T,49.167468450,20.138651142,2025.8,,
T,49.168158327,20.138669576,2013.3,,
T,49.168740837,20.138288334,2036.1,,
T,49.169073855,20.137668887,2069.4,,
T,49.169352366,20.136894500,2104.1,,
T,49.169287940,20.136816845,2106.9,,
T,49.169025059,20.136815291,2113.1,,
T,49.168438868,20.137195758,2099.8,,
T,49.167623212,20.137798925,2061.8,,
T,49.166710086,20.138540798,2083.1,,
T,49.165634166,20.139317056,2164.3,,
T,49.164711068,20.140077890,2165.2,,
T,49.164195413,20.140802632,2171.2,,
T,49.164224094,20.140883647,2170.9,,
T,49.164602115,20.140840842,2107.8,,
T,49.165133589,20.140567790,2116.4,,
T,49.166570020,20.140172621,1998.1,,
T,49.167637719,20.139436079,1997.3,,
T,49.168509676,20.138519366,2025.0,,
T,49.169060896,20.137902848,2055.2,,
T,49.169438026,20.137360554,2082.2,,
T,49.169458099,20.137204998,2091.0,,
T,49.168978560,20.137434295,2086.8,,
T,49.168310071,20.137969398,2047.1,,
T,49.167290538,20.138645656,2028.2,,
T,49.165569108,20.139387747,2166.3,,
T,49.163945046,20.140250534,2199.0,,
T,49.162776982,20.140816881,2373.7,,
T,49.162083884,20.141270674,2337.9,,
T,49.161619553,20.141735395,2300.9,,
T,49.162089636,20.141641371,2305.9,,
T,49.162732982,20.141401506,2323.9,,
T,49.163596036,20.140891521,2280.6,,
T,49.164727375,20.140155007,2159.1,,
T,49.165977431,20.139113659,2134.2,,
T,49.166942846,20.137932682,2094.3,,
T,49.167462613,20.136950315,2151.2,,
T,49.167787162,20.136422599,2161.2,,
T,49.167407563,20.136721515,2165.6,,
T,49.166621556,20.137311707,2179.7,,
T,49.165564441,20.137876622,2239.9,,
T,49.164426898,20.138711717,2296.5,,
T,49.164197233,20.138774803,2285.5,,
T,49.163158389,20.139602219,2287.7,,
T,49.162103509,20.140614666,2387.2,,
T,49.161349329,20.141557734,2322.4,,
T,49.160871194,20.142232246,2313.1,,
T,49.160699297,20.142508425,2335.1,,
T,49.160935746,20.142311531,2304.7,,
T,49.161598714,20.142025252,2282.2,,
T,49.162613085,20.141547002,2313.1,,
T,49.163734814,20.140906121,2257.1,,
T,49.164713011,20.140382445,2144.7,,
T,49.165492716,20.139836255,2130.6,,
T,49.166219429,20.139440047,2076.1,,
T,49.166880154,20.139172180,2024.7,,
T,49.167324719,20.138879400,2020.1,,
T,49.167766467,20.138660328,2020.4,,
T,49.168069341,20.138433515,2023.7,,
T,49.168454790,20.138128395,2041.3,,
T,49.168687016,20.137898020,2055.2,,
T,49.168939032,20.137511607,2081.5,,
T,49.169136472,20.137125391,2100.3,,
T,49.169272683,20.136739530,2109.5,,
T,49.169262470,20.136431241,2129.5,,
T,49.169249253,20.136124401,2166.8,,
T,49.169324638,20.135666715,2193.2,,
T,49.169314741,20.135211203,2204.4,,
T,49.169238017,20.134607276,2218.2,,
T,49.169169226,20.133858968,2247.4,,
T,49.168908679,20.133058410,2296.8,,
T,49.168681389,20.132344848,2373.9,,
T,49.168070588,20.131819314,2486.7,,
T,49.167366472,20.131650906,2558.1,,
T,49.166556598,20.131691159,2593.8,,
T,49.165667956,20.131780259,2578.5,,
T,49.164684191,20.132441605,2571.4,,
T,49.163644263,20.133509872,2615.7,,
T,49.162862506,20.134628144,2551.4,,
T,49.162296835,20.135671466,2576.5,,
T,49.161824205,20.136495572,2575.2,,
T,49.161670010,20.137183034,2525.7,,
T,49.161786871,20.137530310,2487.2,,
T,49.161852923,20.137533050,2485.7,,
T,49.162328165,20.137692524,2455.1,,
T,49.162952970,20.137998191,2394.0,,
T,49.163757514,20.138387976,2326.8,,
T,49.164623951,20.138722326,2295.2,,
T,49.165428836,20.138845713,2228.0,,
T,49.166326039,20.138907999,2090.8,,
T,49.167030102,20.138945848,2027.3,,
T,49.167549642,20.138808975,2018.4,,
T,49.167972790,20.138509688,2022.2,,
T,49.168269994,20.138046663,2043.0,,
T,49.168411324,20.137349843,2085.3,,
T,49.168418331,20.136504174,2145.3,,
T,49.168278986,20.135667627,2168.9,,
T,49.167847407,20.134848336,2248.8,,
T,49.167246662,20.134276009,2346.0,,
T,49.166539387,20.133791189,2458.2,,
T,49.165903896,20.133523860,2451.5,,
T,49.165121394,20.133486803,2538.1,,
T,49.164360985,20.133507098,2634.7,,
T,49.163806506,20.133723150,2631.0,,
T,49.163392128,20.134141189,2591.3,,
T,49.163177701,20.134420142,2567.6,,
T,49.163074822,20.134837959,2578.6,,
T,49.163195702,20.134907245,2590.8,,
T,49.163651737,20.134974478,2628.7,,
T,49.164193491,20.135109533,2542.5,,
T,49.165090036,20.135099064,2409.7,,
T,49.166046307,20.135088511,2338.1,,
T,49.167057586,20.135079123,2337.5,,
T,49.167714191,20.134703121,2290.7,,
T,49.168427467,20.134099303,2261.8,,
T,49.168867508,20.133132690,2295.4,,
T,49.169048122,20.132107746,2348.3,,
T,49.169074020,20.131310827,2406.0,,
T,49.168953327,20.130597776,2442.5,,
T,49.168644802,20.130261212,2483.1,,
T,49.168159109,20.130148748,2525.2,,
T,49.167501553,20.130194106,2512.2,,
T,49.166606955,20.130685504,2523.4,,
T,49.165968738,20.131345553,2591.5,,
T,49.165392519,20.132356666,2548.7,,
T,49.165098326,20.133348592,2554.6,,
T,49.165022901,20.134256703,2488.4,,
T,49.165235815,20.134884293,2412.0,,
T,49.165430748,20.135309892,2364.4,,
T,49.165970121,20.135523611,2320.9,,
T,49.166665605,20.135521529,2293.1,,
T,49.167556064,20.135296014,2243.7,,
T,49.168412929,20.134840436,2197.3,,
T,49.169021979,20.134309327,2228.9,,
T,49.169548425,20.134077478,2235.1,,
T,49.169610697,20.133776854,2246.1,,
T,49.169447781,20.133779219,2248.1,,
T,49.169193191,20.133932607,2243.8,,
T,49.168937477,20.134161116,2236.8,,
T,49.168636640,20.134687982,2206.9,,
T,49.168465169,20.135290006,2180.6,,
T,49.168400962,20.135894694,2163.1,,
T,49.168388258,20.136351220,2149.0,,
T,49.168490995,20.136581242,2141.8,,
T,49.168835649,20.136660120,2124.1,,
T,49.169257446,20.136662317,2112.3,,
T,49.169538983,20.136585802,2120.4,,
T,49.169843257,20.136355444,2142.5,,
T,49.170152115,20.135742562,2196.3,,
T,49.170207049,20.135208072,2221.2,,
T,49.170239273,20.134219545,2252.7,,
T,49.170177708,20.133315656,2262.1,,
T,49.169891643,20.132576490,2291.0,,
T,49.169474876,20.132226890,2308.6,,
T,49.168938267,20.132043522,2357.1,,
T,49.168336789,20.132082217,2448.9,,
T,49.167983165,20.132176259,2484.1,,
T,49.167756537,20.132541667,2458.2,,
T,49.167747830,20.132895940,2431.4,,
T,49.167881405,20.133246657,2397.3,,
T,49.168006938,20.133385277,2372.0,,
T,49.168382855,20.133588025,2322.6,,
T,49.168884466,20.133792126,2257.0,,
T,49.169482961,20.134003289,2238.0,,
T,49.169914162,20.133997941,2247.7,,
T,49.170014033,20.133921411,2253.2,,
T,49.169759113,20.133699956,2248.8,,
T,49.169181829,20.133193013,2277.5,,
T,49.168651155,20.133067465,2326.5,,
T,49.167943420,20.133029280,2412.0,,
T,49.167334070,20.133127812,2444.8,,
T,49.167293533,20.133413668,2422.6,,
T,49.167354594,20.133768555,2392.5,,
T,49.167519158,20.134196230,2345.4,,
T,49.167770528,20.134849539,2259.3,,
T,49.168238326,20.135516980,2174.3,,
T,49.168641013,20.135895133,2168.7,,
T,49.168973874,20.136277169,2146.8,,
T,49.169040781,20.136353969,2139.6,,
T,49.168588140,20.136199603,2155.0,,
T,49.167997768,20.136196816,2160.0,,
T,49.167184781,20.136265461,2219.4,,
T,49.166278915,20.136331747,2262.6,,
T,49.165629609,20.136399843,2295.5,,
T,49.164898981,20.136677348,2399.5,,
T,49.164500737,20.136884518,2439.9,,
T,49.165171341,20.136829427,2353.3,,
T,49.166107735,20.136702377,2249.7,,
T,49.166893142,20.136412503,2234.5,,
T,49.167887147,20.136044816,2171.7,,
T,49.168534746,20.135667413,2172.3,,
T,49.168749996,20.135213177,2189.4,,
T,49.168437204,20.134690766,2206.7,,
T,49.167670738,20.134191987,2337.4,,
T,49.166841700,20.133783170,2436.0,,
T,49.166096928,20.133306614,2474.2,,
T,49.165169081,20.133139002,2551.6,,
T,49.164645064,20.133153227,2636.1,,
T,49.164321097,20.133437244,2629.2,,
T,49.164044090,20.134068005,2640.3,,
T,49.163856880,20.134835238,2612.5,,
T,49.163996237,20.135599924,2568.5,,
T,49.164163071,20.136306064,2516.4,,
T,49.164500737,20.136884518,2439.9,,
T,49.165026753,20.137262944,2372.7,,
T,49.165693025,20.137361512,2242.9,,
T,49.166094338,20.137372412,2208.3,,
T,49.166386834,20.137229579,2203.5,,
T,49.166534564,20.136782102,2228.0,,
T,49.166284458,20.135815253,2292.2,,
T,49.165758062,20.134306435,2400.6,,
T,49.165034513,20.132789433,2593.3,,
T,49.164759837,20.131567196,2505.8,,
T,49.164489086,20.130681830,2457.7,,
T,49.164144168,20.130233531,2404.8,,
T,49.163816174,20.130075630,2357.9,,
T,49.163475411,20.130148233,2330.1,,
T,49.163222426,20.130518781,2330.7,,
T,49.163110570,20.130894773,2347.1,,
T,49.163090621,20.131266171,2382.2,,
T,49.163269427,20.131707669,2439.6,,
T,49.163657801,20.132074555,2483.0,,
T,49.164040451,20.132439145,2544.3,,
T,49.164553852,20.132512815,2583.4,,
T,49.164983740,20.132509958,2593.2,,
T,49.164940505,20.132440070,2584.5,,
T,49.164762834,20.132076626,2540.8,,
T,49.164536060,20.131711914,2502.9,,
T,49.164246865,20.131197795,2462.0,,
T,49.163912848,20.130974691,2420.6,,
T,49.163460815,20.130972701,2377.4,,
T,49.163135924,20.130970296,2357.0,,
T,49.162840012,20.131408267,2409.7,,
T,49.162691395,20.131919336,2470.6,,
T,49.162624381,20.132427113,2482.7,,
T,49.162616869,20.132858038,2508.5,,
T,49.162849765,20.133217241,2557.3,,
T,49.163096789,20.133432463,2575.1,,
T,49.163320117,20.133435027,2593.7,,
T,49.163711861,20.133227597,2593.2,,
T,49.163884904,20.132871320,2573.9,,
T,49.164048421,20.132149229,2527.6,,
T,49.164218585,20.131123671,2451.7,,
T,49.164167287,20.130083788,2399.3,,
T,49.164016852,20.129247703,2311.6,,
T,49.163822729,20.128792735,2287.9,,
T,49.163526092,20.128502401,2271.8,,
T,49.163410325,20.128803332,2278.9,,
T,49.163644451,20.129172102,2296.4,,
T,49.163874453,20.129698719,2328.1,,
T,49.164183974,20.130234159,2408.1,,
T,49.164589504,20.130830483,2477.7,,
T,49.164957111,20.131055455,2515.5,,
T,49.165174744,20.131204491,2532.8,,
T,49.165064191,20.130836876,2502.9,,
T,49.164832406,20.130465856,2467.9,,
T,49.164581512,20.130240398,2435.9,,
T,49.164295902,20.130011485,2405.3,,
T,49.163995829,20.129928874,2363.6,,
T,49.163637167,20.129922464,2327.2,,
T,49.163342054,20.130222081,2323.0,,
T,49.163113887,20.130668573,2329.0,,
T,49.163006676,20.131042440,2360.9,,
T,49.162836830,20.131702415,2442.0,,
T,49.162780010,20.132428871,2502.3,,
T,49.162772384,20.133216603,2547.5,,
T,49.162980845,20.133785788,2549.6,,
T,49.163230318,20.133928679,2580.0,,
T,49.163363567,20.133718459,2604.2,,
T,49.163401581,20.133365189,2593.6,,
T,49.163418034,20.132867569,2557.4,,
T,49.163537549,20.132073851,2474.4,,
T,49.163672021,20.131195576,2409.8,,
T,49.163820574,20.130301484,2379.8,,
T,49.164031026,20.129702639,2339.9,,
T,49.164151912,20.129932620,2382.8,,
T,49.164299575,20.130605437,2443.5,,
T,49.164412499,20.131198047,2474.6,,
T,49.164354299,20.131565190,2490.6,,
T,49.164172044,20.131418070,2484.1,,
T,49.163882241,20.131417808,2446.1,,
T,49.163599146,20.131415700,2422.9,,
T,49.163269817,20.131414880,2421.5,,
T,49.163002793,20.131631639,2416.0,,
T,49.163022410,20.131778066,2436.6,,
T,49.163219159,20.132071387,2469.7,,
T,49.163467315,20.132290670,2495.4,,
T,49.163774468,20.132365115,2519.0,,
T,49.164052295,20.132366880,2539.4,,
T,49.164417652,20.132297523,2567.4,,
T,49.164493972,20.131931859,2522.7,,
T,49.164510049,20.131346032,2481.2,,
T,49.164450568,20.130976049,2469.0,,
T,49.164200687,20.130751923,2441.5,,
T,49.164076586,20.130751472,2430.3,,
T,49.163874142,20.131197347,2428.2,,
T,49.163748131,20.131782465,2467.0,,
T,49.163745244,20.132292614,2509.1,,
T,49.163911936,20.132510222,2545.7,,
T,49.164127653,20.132655489,2569.0,,
T,49.164525685,20.132657369,2596.8,,
T,49.164473323,20.132442392,2580.9,,
T,49.164501778,20.132297288,2567.4,,
T,49.164312145,20.132224111,2550.8,,
T,49.164115489,20.132222404,2532.7,,
T,49.163918091,20.132220809,2519.8,,
T,49.163605684,20.132436114,2508.3,,
T,49.163553366,20.132508302,2519.2,,
T,49.163764183,20.132437196,2524.7,,
T,49.164121299,20.131931945,2533.4,,
T,49.164578103,20.131198299,2488.9,,
T,49.165023123,20.129876949,2458.5,,
T,49.165466114,20.128349403,2395.7,,
T,49.165560549,20.127078184,2333.4,,
T,49.165548887,20.126718984,2332.6,,
T,49.165562787,20.127222902,2336.6,,
T,49.165546795,20.127811616,2362.0,,
T,49.165579350,20.128354540,2417.1,,
T,49.165510302,20.129055535,2442.5,,
T,49.165519029,20.129807685,2486.5,,
T,49.165437178,20.129807065,2478.9,,
T,49.165190902,20.129805531,2460.1,,
T,49.164876025,20.129799286,2439.1,,
T,49.164514312,20.129865892,2410.5,,
T,49.164190898,20.129933558,2386.9,,
T,49.163816174,20.130075630,2357.9,,
T,49.163670575,20.130224602,2354.8,,
T,49.163792126,20.130225978,2369.8,,
T,49.164144168,20.130233531,2404.8,,
T,49.164568272,20.130017856,2426.1,,
T,49.164943728,20.129875612,2451.6,,
T,49.165145489,20.129579440,2440.4,,
T,49.165089008,20.129198955,2410.2,,
T,49.165017930,20.128574558,2321.3,,
T,49.164922322,20.128184784,2298.7,,
T,49.164694681,20.127809864,2281.0,,
T,49.164351751,20.127737157,2269.1,,
T,49.164077100,20.127744336,2261.9,,
T,49.163842130,20.127971221,2263.1,,
T,49.163771946,20.128417485,2273.1,,
T,49.163728671,20.128795995,2286.2,,
T,49.163821666,20.129169691,2302.7,,
T,49.164079137,20.129399408,2321.9,,
T,49.164315746,20.129405044,2338.7,,
T,49.164602011,20.129336256,2359.3,,
T,49.164832142,20.129114307,2362.8,,
T,49.164937218,20.128732456,2329.8,,
T,49.165046366,20.128186335,2306.8,,
T,49.164909901,20.127809457,2290.9,,
T,49.164622650,20.127658734,2276.0,,
T,49.164310281,20.127663759,2266.2,,
T,49.163937120,20.127822028,2260.7,,
T,49.163550737,20.128202861,2265.5,,
T,49.163103629,20.128734329,2268.1,,
T,49.162636215,20.129399794,2262.6,,
T,49.162484303,20.129912527,2264.5,,
T,49.162725699,20.129916573,2277.3,,
T,49.163155894,20.129842342,2294.7,,
T,49.163668031,20.129322917,2302.0,,
T,49.164159093,20.128721889,2288.3,,
T,49.164611173,20.127809163,2278.4,,
T,49.164761654,20.126852733,2271.2,,
T,49.164723654,20.125923789,2273.8,,
T,49.164496585,20.125566443,2275.6,,
T,49.164154555,20.125566309,2265.7,,
T,49.163811006,20.125639734,2261.6,,
T,49.163386952,20.126023378,2256.8,,
T,49.163010069,20.126548870,2247.8,,
T,49.162769133,20.127141316,2243.1,,
T,49.162666265,20.127655333,2247.4,,
T,49.162617835,20.128019084,2251.5,,
T,49.162657762,20.128814486,2260.2,,
T,49.162651122,20.128961394,2261.1,,
T,49.162864694,20.129105260,2268.7,,
T,49.163255593,20.129102145,2280.5,,
T,49.163325139,20.128731080,2274.8,,
T,49.163202497,20.128512246,2266.2,,
T,49.162890394,20.128517673,2260.1,,
T,49.162476625,20.128530135,2252.9,,
T,49.162200504,20.128611082,2243.1,,
T,49.162127024,20.128967088,2240.4,,
T,49.162381688,20.128894933,2250.3,,
T,49.162798824,20.128447988,2257.4,,
T,49.163328027,20.127699146,2255.4,,
T,49.163381841,20.127259131,2252.9,,
T,49.163480140,20.127108271,2253.7,,
T,49.163769667,20.127165990,2255.3,,
T,49.163952480,20.127306102,2256.4,,
T,49.163722544,20.127095251,2254.4,,
T,49.163335548,20.126680340,2250.2,,
T,49.162919749,20.126334173,2246.3,,
T,49.162552872,20.126058446,2237.6,,
T,49.162318967,20.126069886,2232.0,,
T,49.162405164,20.126430417,2238.5,,
T,49.162628932,20.126930555,2243.4,,
T,49.162808130,20.127504494,2245.7,,
T,49.162986560,20.128007104,2254.7,,
T,49.163029639,20.128368457,2260.1,,
T,49.162974169,20.128662758,2263.9,,
T,49.162751326,20.128666704,2260.5,,
T,49.162476625,20.128530135,2252.9,,
T,49.162152807,20.128469116,2242.4,,
T,49.161850767,20.128399277,2231.9,,
T,49.161508445,20.128400646,2215.7,,
T,49.161387086,20.128614267,2203.8,,
T,49.161477374,20.128756105,2208.5,,
T,49.161698824,20.129112838,2219.4,,
T,49.161952265,20.129401677,2231.7,,
T,49.161951350,20.129474113,2231.1,,
T,49.161865664,20.129474424,2225.1,,
T,49.161567597,20.129330663,2205.6,,
T,49.161225487,20.129331668,2179.7,,
T,49.160970637,20.129548082,2163.5,,
T,49.161091133,20.129838974,2172.6,,
T,49.161086810,20.129912555,2173.5,,
T,49.161415330,20.130132139,2194.6,,
T,49.161664343,20.130205654,2210.3,,
T,49.162034804,20.130280772,2234.2,,
T,49.162241817,20.130282091,2248.3,,
T,49.162139640,20.129986488,2243.0,,
T,49.161854219,20.129838763,2222.5,,
T,49.161610237,20.129691025,2205.1,,
T,49.161226780,20.129691662,2179.0,,
T,49.161221492,20.129765654,2179.3,,
T,49.161470968,20.129839408,2195.8,,
T,49.161896801,20.129838692,2225.6,,
T,49.162280079,20.129838043,2251.2,,
T,49.162401404,20.129911973,2259.4,,
T,49.162133304,20.130060525,2242.2,,
T,49.161835539,20.130061022,2221.2,,
T,49.161500700,20.130131902,2199.8,,
T,49.161139107,20.130427079,2182.0,,
T,49.160915057,20.131017965,2201.5,,
T,49.160973595,20.131311417,2227.9,,
T,49.161116818,20.131603679,2271.8,,
T,49.161289103,20.131968997,2312.7,,
T,49.161503781,20.132332638,2364.8,,
T,49.161586506,20.132695395,2384.6,,
T,49.161358628,20.132549616,2358.5,,
T,49.161014172,20.132259200,2318.3,,
T,49.160725675,20.132044768,2298.1,,
T,49.160390660,20.131831524,2282.9,,
T,49.160053857,20.131913379,2295.2,,
T,49.160022272,20.132133497,2318.5,,
T,49.160000581,20.132720425,2366.6,,
T,49.159981015,20.133514285,2420.5,,
T,49.160029317,20.134429399,2461.7,,
T,49.159980432,20.135192838,2483.7,,
T,49.160021761,20.135948049,2454.0,,
T,49.159943211,20.136292839,2429.7,,
T,49.159728791,20.136086404,2433.1,,
T,49.159437524,20.135743273,2446.2,,
T,49.159177562,20.135468584,2422.3,,
T,49.158958481,20.135123989,2386.0,,
T,49.158964134,20.134985904,2383.0,,
T,49.159089488,20.134778750,2400.1,,
T,49.159377651,20.134640321,2420.0,,
T,49.159776699,20.134361186,2448.5,,
T,49.160092271,20.134289060,2454.6,,
T,49.160342141,20.134076377,2431.0,,
T,49.160357800,20.134005260,2426.2,,
T,49.160367641,20.133289951,2384.7,,
T,49.160451178,20.132414110,2325.4,,
T,49.160334186,20.131906114,2289.7,,
T,49.160304998,20.132126096,2307.5,,
T,49.160296317,20.132711302,2350.2,,
T,49.160285265,20.133219852,2384.8,,
T,49.160318861,20.133291121,2387.7,,
T,49.160184264,20.133005620,2374.1,,
T,49.160047382,20.132499712,2344.6,,
T,49.159874078,20.132138939,2319.4,,
T,49.159793312,20.131774060,2286.9,,
T,49.159461647,20.131784491,2296.7,,
T,49.159310945,20.132304893,2332.8,,
T,49.159303379,20.132883818,2361.6,,
T,49.159460387,20.133732770,2424.9,,
T,49.159673091,20.134151964,2450.8,,
T,49.159976069,20.134499548,2463.0,,
T,49.160364615,20.134845612,2478.2,,
T,49.160748548,20.134913365,2479.9,,
T,49.161119387,20.134910992,2489.0,,
T,49.161379778,20.134557958,2467.3,,
T,49.161522945,20.134060357,2431.5,,
T,49.161674038,20.132984863,2393.7,,
T,49.161784838,20.131827866,2369.5,,
T,49.161902209,20.130797734,2249.5,,
T,49.161956885,20.130134789,2229.4,,
T,49.161967959,20.130946224,2283.7,,
T,49.161847322,20.132480614,2417.7,,
T,49.161674992,20.133917149,2429.4,,
T,49.161487511,20.134908756,2500.3,,
T,49.161490559,20.135118263,2514.9,,
T,49.161578177,20.134697545,2480.0,,
T,49.161751243,20.133987918,2439.5,,
T,49.161923242,20.133202847,2425.0,,
T,49.162070018,20.132414714,2427.1,,
T,49.162075182,20.132342880,2419.7,,
T,49.162121331,20.133063121,2456.9,,
T,49.162082553,20.134131467,2469.8,,
T,49.162135555,20.135185941,2535.8,,
T,49.162260034,20.135947161,2583.6,,
T,49.162353827,20.135809311,2588.2,,
T,49.162339152,20.135671419,2580.8,,
T,49.162193967,20.135325128,2552.5,,
T,49.162037638,20.135046368,2516.8,,
T,49.161879804,20.134766097,2491.3,,
T,49.161704216,20.134766909,2484.8,,
T,49.161810115,20.134906809,2498.3,,
T,49.162087002,20.134976477,2515.5,,
T,49.162253365,20.135185939,2547.5,,
T,49.162489412,20.135185943,2571.0,,
T,49.162698620,20.135116202,2571.4,,
T,49.162623932,20.134766990,2538.0,,
T,49.162441015,20.134275547,2496.6,,
T,49.162324535,20.133991891,2477.5,,
T,49.162107704,20.133918867,2458.3,,
T,49.161965711,20.134414215,2475.0,,
T,49.161966889,20.134976511,2508.0,,
T,49.162126273,20.135464097,2551.9,,
T,49.162212223,20.135671555,2568.3,,
T,49.162100403,20.135809512,2568.5,,
T,49.161833867,20.135878443,2562.6,,
T,49.161561275,20.135947164,2563.2,,
T,49.161202105,20.135946926,2551.2,,
T,49.160909893,20.135947039,2523.4,,
T,49.160846547,20.135672941,2520.3,,
T,49.161076568,20.135946898,2541.6,,
T,49.161371846,20.136564474,2547.5,,
T,49.161546397,20.137045684,2534.3,,
T,49.161584063,20.137599350,2487.0,,
T,49.161374914,20.137461273,2504.5,,
T,49.161034902,20.137116269,2496.6,,
T,49.160742093,20.136772241,2486.6,,
T,49.160410325,20.136360105,2463.0,,
T,49.160106226,20.136016585,2456.5,,
T,49.160346481,20.136498312,2452.8,,
T,49.160777523,20.137187825,2479.9,,
T,49.161100978,20.137738012,2489.6,,
T,49.161386367,20.138225996,2500.2,,
T,49.161566686,20.138366639,2476.8,,
T,49.161420756,20.138155980,2496.1,,
T,49.161106524,20.137876419,2489.0,,
T,49.160872287,20.137671365,2466.5,,
T,49.160607519,20.137536257,2443.4,,
T,49.160728609,20.137742987,2448.5,,
T,49.160996476,20.138085106,2473.4,,
T,49.161393453,20.138296133,2499.5,,
T,49.161772388,20.138297623,2445.8,,
T,49.162161589,20.138249766,2411.8,,
T,49.162461866,20.138053568,2410.0,,
T,49.162667986,20.137418596,2456.6,,
T,49.162686159,20.136433722,2548.8,,
T,49.162658956,20.135671215,2596.1,,
T,49.162572240,20.135602129,2595.9,,
T,49.162388519,20.135602300,2582.8,,
T,49.162086818,20.135878281,2572.0,,
T,49.161790402,20.136358597,2580.5,,
T,49.161428199,20.137046102,2529.5,,
T,49.161260855,20.137599857,2496.1,,
T,49.161206413,20.138085644,2490.8,,
T,49.161226954,20.138364902,2484.5,,
T,49.161285989,20.138644255,2488.8,,
T,49.161539770,20.138999435,2486.8,,
T,49.161631454,20.139001236,2476.6,,
T,49.161842077,20.138724586,2437.4,,
T,49.162082435,20.138174633,2421.1,,
T,49.162341240,20.137480596,2469.2,,
T,49.162575579,20.136992386,2494.2,,
T,49.162842017,20.136715207,2509.3,,
T,49.163007898,20.136717534,2498.1,,
T,49.163126341,20.137002183,2470.8,,
T,49.163510127,20.137726655,2405.9,,
T,49.164135825,20.138771829,2285.7,,
T,49.164795080,20.139554757,2207.5,,
T,49.165518897,20.139990448,2122.0,,
T,49.166220226,20.140137356,2022.6,,
T,49.166070826,20.139504805,2089.3,,
T,49.165786298,20.138414843,2181.9,,
T,49.165139910,20.137413809,2338.5,,
T,49.164530382,20.136741023,2446.4,,
T,49.164118422,20.136376697,2517.5,,
T,49.163812674,20.136161351,2546.1,,
T,49.163532308,20.136089756,2549.8,,
T,49.163388573,20.136159317,2535.5,,
T,49.163305122,20.136580263,2501.3,,
T,49.163285455,20.137218682,2458.5,,
T,49.163300719,20.137792827,2413.0,,
T,49.163360223,20.138083529,2384.6,,
T,49.163472403,20.138377313,2338.9,,
T,49.163771932,20.138461590,2319.9,,
T,49.164073267,20.138474299,2321.7,,
T,49.164378693,20.138487588,2321.7,,
T,49.164616613,20.138129326,2350.3,,
T,49.164469020,20.137536554,2399.0,,
T,49.164290564,20.136808309,2459.0,,
T,49.164308927,20.136378955,2495.6,,
T,49.164519381,20.136957285,2434.3,,
T,49.164720652,20.137472179,2392.9,,
T,49.164543097,20.137831925,2372.3,,
T,49.164332994,20.137241940,2417.1,,
T,49.163966063,20.136516985,2513.4,,
T,49.163805953,20.135600191,2584.2,,
T,49.164093988,20.136022116,2533.0,,
T,49.164739543,20.136673664,2428.7,,
T,49.165264798,20.137271612,2312.5,,
T,49.165315167,20.137126482,2310.9,,
T,49.165138387,20.136391784,2377.4,,
T,49.164690207,20.135033725,2464.8,,
T,49.164556698,20.133992756,2576.6,,
T,49.164872142,20.134470249,2470.0,,
T,49.165322763,20.134954086,2399.2,,
T,49.165673861,20.135452408,2338.7,,
T,49.166014678,20.135450818,2322.6,,
T,49.166270448,20.135449805,2312.8,,
T,49.166562912,20.135375531,2311.7,,
T,49.167062779,20.135299241,2317.5,,
T,49.167520743,20.135000664,2276.0,,
T,49.168061766,20.134845105,2219.4,,
T,49.168380246,20.134543244,2223.4,,
T,49.167883403,20.134186442,2322.3,,
T,49.167409187,20.133910444,2379.1,,
T,49.167111223,20.133847486,2396.4,,
T,49.166846352,20.133997108,2409.8,,
T,49.166731610,20.134430061,2391.5,,
T,49.166824074,20.134935517,2356.8,,
T,49.166805706,20.135081488,2344.6,,
T,49.166552051,20.134866131,2357.5,,
T,49.166150642,20.134297183,2406.3,,
T,49.165951247,20.134017412,2419.1,,
T,49.166368138,20.134436354,2393.1,,
T,49.166801821,20.134863036,2361.1,,
T,49.167403543,20.135297151,2273.1,,
T,49.167396458,20.135075848,2293.0,,
T,49.167259067,20.134711524,2320.3,,
T,49.167138988,20.134133940,2365.8,,
T,49.167033980,20.133210022,2458.7,,
T,49.166983749,20.132440424,2524.7,,
T,49.167234115,20.132219310,2524.0,,
T,49.167827169,20.132537865,2455.5,,
T,49.168633189,20.133213411,2321.1,,
T,49.169533502,20.134378639,2226.8,,
T,49.170079891,20.135436916,2212.4,,
T,49.170405346,20.135819038,2195.9,,
T,49.170330995,20.135360129,2210.1,,
T,49.170291371,20.134674306,2250.9,,
T,49.170158264,20.134069599,2251.2,,
T,49.169846980,20.133548610,2258.7,,
T,49.169719233,20.133476474,2257.8,,
T,49.169566451,20.133553806,2256.4,,
T,49.169471899,20.133928492,2241.1,,
T,49.169331855,20.134455598,2222.4,,
T,49.169381883,20.134908274,2212.8,,
T,49.169356386,20.135135408,2206.5,,
T,49.169324638,20.135666715,2193.2,,
T,49.169498165,20.135666573,2196.2,,
T,49.169980805,20.135819281,2185.3,,
T,49.170040160,20.135666090,2199.0,,
T,49.169710586,20.135361727,2211.9,,
T,49.169550939,20.135058935,2213.4,,
T,49.169606082,20.134604662,2227.8,,
T,49.169660533,20.133477765,2258.8,,
T,49.169424669,20.131502557,2347.2,,
T,49.169370469,20.131289148,2370.1,,
T,49.169203260,20.129781562,2471.3,,
T,49.169078389,20.129044700,2428.1,,
T,49.168823046,20.129202369,2455.7,,
T,49.168256014,20.129772109,2511.8,,
T,49.167672166,20.130770009,2547.1,,
T,49.167203063,20.132080527,2535.7,,
T,49.166950384,20.133142439,2471.2,,
T,49.166732716,20.133431717,2479.3,,
T,49.166504706,20.133437928,2485.8,,
T,49.166073551,20.132956965,2496.7,,
T,49.165745536,20.132198480,2551.9,,
T,49.165746528,20.131419249,2576.1,,
T,49.165909783,20.130621111,2555.7,,
T,49.166177562,20.130250708,2543.7,,
T,49.166817411,20.129703297,2458.2,,
T,49.167599290,20.129278871,2435.7,,
T,49.168207832,20.129009601,2456.2,,
T,49.168350641,20.128920199,2430.9,,
T,49.167934492,20.129643477,2479.4,,
T,49.167681211,20.130551945,2562.2,,
T,49.167506272,20.131074422,2551.6,,
T,49.167446382,20.130566678,2569.1,,
T,49.167358514,20.129827091,2470.5,,
T,49.167476508,20.128901614,2409.7,,
T,49.167816436,20.127959193,2341.9,,
T,49.168157422,20.127334489,2243.5,,
T,49.168530568,20.127312097,2231.0,,
T,49.168911997,20.127633464,2271.8,,
T,49.168953482,20.127798827,2289.6,,
T,49.168714420,20.127804992,2273.7,,
T,49.168382344,20.127738155,2271.5,,
T,49.168021913,20.127426300,2255.1,,
T,49.167567186,20.127148017,2255.5,,
T,49.167062148,20.127057633,2259.8,,
T,49.166745091,20.126948178,2287.0,,
T,49.166360214,20.127088450,2355.0,,
T,49.166809804,20.127416308,2330.4,,
T,49.167348556,20.127673718,2314.4,,
T,49.167695096,20.128147110,2385.1,,
T,49.167931876,20.128288489,2398.5,,
T,49.167582336,20.127816362,2330.8,,
T,49.167062148,20.127057633,2259.8,,
T,49.165811888,20.126153487,2351.0,,
T,49.165020567,20.125169326,2337.8,,
T,49.164613585,20.124796416,2294.0,,
T,49.164538238,20.124718341,2285.0,,
T,49.164838078,20.124741109,2333.2,,
T,49.165427356,20.124745101,2377.2,,
T,49.166498232,20.124501565,2192.2,,
T,49.166942145,20.124214231,2134.2,,
T,49.166301176,20.124410917,2221.4,,
T,49.165530574,20.124663201,2369.3,,
T,49.164913111,20.124819006,2346.7,,
T,49.164435361,20.125140114,2282.9,,
T,49.163945181,20.125418369,2258.2,,
T,49.163484800,20.125581300,2261.0,,
T,49.163821383,20.125270344,2251.2,,
T,49.164389977,20.124778382,2274.4,,
T,49.164966543,20.124113501,2384.8,,
T,49.165722959,20.123248826,2352.9,,
T,49.165920626,20.122697575,2317.1,,
T,49.165412341,20.122872579,2405.1,,
T,49.164964732,20.123247491,2396.4,,
T,49.164448536,20.123606372,2277.9,,
T,49.163805774,20.123990667,2209.2,,
T,49.163085126,20.124547585,2200.0,,
T,49.162428438,20.125044029,2235.4,,
T,49.162096961,20.125497515,2221.2,,
T,49.162468083,20.125335114,2233.6,,
T,49.162890968,20.125167523,2247.4,,
T,49.163227166,20.125073576,2239.9,,
T,49.162990222,20.125086990,2246.0,,
T,49.162558924,20.125476497,2235.6,,
T,49.161846640,20.126312298,2229.3,,
T,49.161348337,20.127264966,2223.5,,
T,49.161114414,20.128118235,2195.1,,
T,49.161447097,20.127833249,2222.6,,
T,49.161879156,20.127181622,2237.9,,
T,49.162164872,20.126733545,2240.2,,
T,49.162314553,20.126288919,2235.3,,
T,49.162033666,20.126302893,2232.8,,
T,49.161618316,20.126537279,2227.0,,
T,49.161130762,20.126980298,2211.9,,
T,49.160623509,20.127411235,2179.4,,
T,49.160205170,20.127696240,2150.5,,
T,49.160123834,20.127838344,2141.5,,
T,49.160584947,20.127553056,2175.5,,
T,49.161217695,20.127050965,2216.3,,
T,49.161611314,20.126900691,2229.5,,
T,49.161392486,20.127407813,2224.8,,
T,49.161166213,20.128402015,2192.7,,
T,49.160885178,20.129476229,2158.2,,
T,49.160492026,20.130503208,2169.2,,
T,49.160127911,20.131169650,2212.3,,
T,49.159808123,20.131248752,2232.5,,
T,49.159796000,20.131025186,2207.5,,
T,49.159991689,20.130357161,2155.2,,
T,49.160197995,20.129551627,2133.7,,
T,49.160240836,20.128903016,2125.1,,
T,49.160360530,20.128618164,2134.2,,
T,49.160574284,20.128617372,2147.7,,
T,49.160792543,20.128758749,2155.7,,
T,49.160835335,20.128758587,2158.0,,
T,49.160884163,20.129188264,2158.1,,
T,49.161001388,20.129912794,2169.1,,
T,49.160997593,20.130575454,2182.6,,
T,49.160856328,20.130723569,2187.5,,
T,49.161111515,20.130206525,2177.5,,
T,49.161566841,20.129475089,2203.0,,
T,49.162152457,20.128253065,2243.4,,
T,49.162910593,20.126917837,2245.7,,
T,49.163715458,20.125790291,2264.0,,
T,49.164163013,20.125198210,2266.5,,
T,49.164281373,20.125203616,2273.8,,
T,49.164609850,20.125428862,2289.2,,
T,49.164885042,20.125855852,2284.8,,
T,49.165119895,20.126355328,2291.6,,
T,49.165294654,20.126572222,2306.0,,
T,49.165392670,20.126930922,2317.1,,
T,49.165479908,20.127440382,2333.5,,
T,49.165406543,20.127961550,2347.1,,
T,49.165019239,20.128733475,2338.3,,
T,49.164524676,20.129563016,2379.1,,
T,49.164223770,20.130234782,2411.2,,
T,49.164118277,20.130455139,2421.3,,
T,49.164424538,20.129939167,2408.9,,
T,49.164971773,20.128966076,2364.4,,
T,49.165561167,20.127660577,2352.1,,
T,49.165669642,20.126649537,2347.8,,
T,49.165589834,20.126011687,2356.6,,
T,49.165340478,20.125935667,2329.3,,
T,49.164889203,20.125926551,2283.3,,
T,49.164266790,20.126135359,2260.8,,
T,49.163481314,20.126817284,2252.1,,
T,49.162665771,20.127727793,2248.1,,
T,49.162243328,20.128610916,2244.8,,
T,49.162214032,20.129038408,2244.2,,
T,49.162427440,20.129110078,2252.9,,
T,49.162953131,20.129103995,2271.5,,
T,49.163299923,20.129101490,2281.8,,
T,49.163446482,20.129326079,2293.4,,
T,49.163435242,20.129546186,2299.8,,
T,49.163175700,20.130293146,2312.8,,
T,49.162646414,20.131698452,2431.6,,
T,49.162060077,20.133347902,2441.0,,
T,49.161150765,20.135189409,2511.7,,
T,49.160620300,20.136015779,2493.1,,
T,49.160495245,20.136015834,2482.5,,
T,49.160463341,20.135053409,2488.9,,
T,49.160712643,20.133498071,2389.1,,
T,49.160888679,20.132188059,2306.8,,
T,49.160782336,20.131531910,2259.4,,
T,49.160563817,20.131534072,2261.4,,
T,49.160288532,20.131611609,2251.9,,
T,49.159903020,20.131990454,2305.2,,
T,49.159552411,20.132296877,2334.7,,
T,49.159289405,20.132668903,2346.9,,
T,49.159147951,20.133099028,2355.8,,
T,49.159091707,20.133733299,2379.6,,
T,49.159192073,20.134432108,2388.8,,
T,49.159539773,20.134640185,2431.7,,
T,49.159966545,20.134569327,2464.5,,
T,49.160038895,20.134359429,2459.3,,
T,49.160058084,20.134219222,2454.0,,
T,49.160105529,20.133152224,2386.6,,
T,49.159958287,20.132209420,2327.1,,
T,49.159573680,20.131929226,2304.4,,
T,49.159490174,20.132371917,2342.9,,
T,49.159405118,20.132810176,2363.0,,
T,49.159482084,20.133236999,2403.0,,
T,49.159505452,20.133732183,2426.2,,
T,49.159650454,20.133659692,2427.2,,
T,49.159598629,20.133377214,2407.3,,
T,49.159631151,20.133801069,2432.4,,
T,49.159742400,20.134640014,2445.1,,
T,49.159865389,20.135948337,2447.7,,
T,49.160105253,20.137614592,2405.4,,
T,49.160134259,20.138798468,2368.8,,
T,49.160034955,20.139290224,2349.2,,
T,49.159929357,20.139224952,2338.6,,
T,49.159682876,20.139235139,2308.7,,
T,49.159643453,20.139445043,2309.9,,
T,49.159707078,20.139649361,2338.7,,
T,49.159871398,20.139985854,2369.9,,
T,49.160115833,20.140112157,2390.5,,
T,49.160496369,20.140172728,2421.1,,
T,49.160867022,20.140173189,2432.1,,
T,49.161294113,20.140119593,2438.4,,
T,49.161631593,20.139784220,2467.7,,
T,49.161839768,20.139505849,2463.7,,
T,49.162103052,20.139098683,2411.2,,
T,49.162382738,20.138761660,2366.5,,
T,49.162450398,20.138766521,2359.6,,
T,49.162513839,20.139201082,2364.3,,
T,49.162658249,20.139789275,2370.6,,
T,49.162847212,20.139874848,2345.5,,
T,49.163279536,20.139977690,2290.8,,
T,49.163743016,20.140160473,2228.3,,
T,49.164333890,20.140051925,2178.1,,
T,49.164941962,20.139639867,2194.5,,
T,49.165369763,20.138917154,2226.2,,
T,49.165422001,20.137944137,2265.8,,
T,49.165297976,20.137419905,2300.5,,
T,49.164979144,20.136679200,2384.9,,
T,49.164635483,20.136311845,2459.2,,
T,49.164376524,20.135881911,2520.2,,
T,49.164780056,20.136026716,2446.3,,
T,49.165576541,20.136252213,2308.3,,
T,49.166325073,20.136630340,2242.4,,
T,49.167399398,20.136949260,2148.0,,
T,49.168350948,20.137040516,2121.3,,
T,49.168878343,20.136891416,2118.0,,
T,49.168958577,20.136200484,2153.0,,
T,49.169009038,20.134986063,2202.3,,
T,49.168873136,20.133351601,2280.3,,
T,49.168642421,20.131635046,2400.9,,
T,49.168642227,20.130334831,2480.4,,
T,49.168982824,20.129572856,2475.7,,
T,49.169268640,20.129481746,2466.0,,
T,49.169678959,20.129444160,2436.7,,
T,49.169998032,20.129333722,2381.5,,
T,49.170458148,20.129306387,2339.0,,
T,49.170726364,20.129669289,2377.5,,
T,49.170923568,20.129729455,2399.8,,
T,49.171078636,20.129413057,2379.2,,
T,49.171175373,20.128861160,2332.9,,
T,49.171341128,20.128361948,2269.0,,
T,49.171601054,20.127906175,2220.5,,
T,49.171579245,20.127501217,2198.2,,
T,49.171365529,20.126972800,2202.2,,
T,49.171195689,20.126337410,2198.5,,
T,49.171048694,20.125690407,2154.8,,
T,49.170869477,20.125111144,2106.7,,
T,49.170658279,20.124793501,2080.2,,
T,49.170490118,20.124554072,2063.8,,
T,49.170193523,20.124408374,2055.5,,
T,49.169916157,20.124176715,2043.6,,
T,49.169674099,20.124027710,2033.3,,
T,49.169291547,20.123725491,2013.5,,
T,49.168896427,20.123608063,2015.7,,
T,49.168413385,20.123514579,2032.8,,
T,49.167668138,20.123568133,2079.8,,
T,49.167361250,20.123635928,2101.3,,
T,49.166644114,20.123482901,2160.3,,
T,49.166542212,20.123367032,2176.7,,
T,49.167108373,20.123172694,2132.2,,
T,49.167935982,20.123038803,2056.2,,
T,49.168612273,20.123482414,2022.6,,
T,49.169142437,20.124063386,2022.8,,
T,49.169502214,20.125110158,2072.1,,
T,49.169759110,20.126033598,2168.1,,
T,49.169898145,20.126447375,2174.2,,
T,49.170065829,20.126939374,2186.1,,
T,49.170173176,20.126933148,2188.1,,
T,49.170050794,20.126271579,2150.0,,
T,49.169796159,20.125351040,2099.1,,
T,49.169717700,20.124106291,2038.1,,
T,49.169403215,20.122993860,1989.1,,
T,49.169167453,20.122452939,1982.1,,
T,49.169239861,20.123006998,1993.7,,
T,49.169467561,20.123473609,2005.7,,
T,49.169842066,20.124344904,2050.6,,
T,49.170089234,20.125591578,2115.1,,
T,49.170217387,20.126765860,2178.7,,
T,49.170361674,20.127730949,2237.0,,
T,49.170484762,20.127885180,2255.3,,
T,49.170828979,20.127697073,2262.1,,
T,49.171491740,20.126946467,2188.1,,
T,49.171876850,20.126288910,2138.6,,
T,49.172158238,20.125734723,2106.1,,
T,49.171788429,20.125645401,2129.6,,
T,49.171393762,20.125646493,2170.5,,
T,49.170859131,20.125882015,2170.1,,
T,49.170509399,20.126665915,2196.3,,
T,49.170310399,20.127492199,2219.8,,
T,49.170141719,20.128386043,2274.9,,
T,49.170185411,20.129170339,2324.8,,
T,49.170319504,20.129617861,2390.2,,
T,49.170604195,20.130191824,2376.0,,
T,49.170633048,20.130410914,2365.5,,
T,49.170551684,20.130709906,2348.1,,
T,49.170467245,20.131152116,2324.2,,
T,49.170304282,20.131820445,2305.8,,
T,49.170132306,20.132568456,2283.0,,
T,49.169924165,20.133247233,2273.4,,
T,49.169719513,20.133775270,2244.7,,
T,49.169494035,20.134078158,2235.0,,
T,49.169286389,20.134155680,2233.2,,
T,49.168976104,20.134384863,2225.6,,
T,49.168930230,20.134460392,2222.1,,
T,49.169160098,20.134457633,2221.6,,
T,49.169488548,20.134454457,2224.1,,
T,49.169779160,20.134225607,2235.9,,
T,49.169995558,20.133770887,2257.6,,
T,49.170116099,20.133317270,2265.7,,
T,49.170070943,20.132570557,2285.4,,
T,49.170007046,20.132201857,2299.7,,
T,49.169942602,20.131910318,2313.9,,
T,49.169715696,20.131557572,2336.2,,
T,49.169424669,20.131502557,2347.2,,
T,49.168885923,20.131542179,2403.4,,
T,49.168102096,20.131603480,2473.7,,
T,49.167294502,20.131935858,2537.5,,
T,49.166519095,20.132459579,2546.1,,
T,49.166096928,20.133306614,2474.2,,
T,49.165988981,20.134158339,2411.2,,
T,49.166083901,20.134512841,2387.5,,
T,49.166332381,20.134724272,2367.0,,
T,49.166739059,20.134863796,2361.0,,
T,49.167341305,20.134929587,2310.7,,
T,49.167722009,20.134924129,2251.5,,
T,49.167990247,20.134846110,2229.1,,
T,49.167840175,20.134260501,2321.8,,
T,49.167587375,20.133976781,2363.9,,
T,49.167083624,20.133562825,2428.4,,
T,49.166593261,20.133154326,2503.3,,
T,49.165917980,20.132752760,2502.2,,
T,49.165177619,20.132294487,2566.0,,
T,49.164798199,20.131858597,2525.2,,
T,49.164646990,20.131785217,2512.4,,
T,49.164983245,20.132439815,2587.4,,
T,49.165940803,20.133100606,2481.6,,
T,49.166780187,20.133784809,2444.1,,
T,49.167423296,20.134344016,2335.0,,
T,49.166556900,20.133648933,2473.6,,
T,49.165560479,20.132490894,2522.7,,
T,49.165381289,20.132140117,2557.3,,