T,49.227887596,20.207564559,1653.1,,
T,49.227627519,20.206866973,1615.3,,
T,49.227204135,20.205944727,1600.6,,
T,49.226905353,20.204800786,1596.3,,
T,49.226284094,20.203436215,1615.5,,
T,49.225918890,20.202547831,1655.1,,
T,49.225513588,20.201679974,1718.6,,
T,49.224916373,20.200157232,1843.1,,
T,49.224894227,20.199714855,1843.4,,
T,49.224176089,20.198422979,1913.9,,
T,49.223807512,20.197252082,1865.1,,
T,49.223629419,20.196051524,1808.9,,
T,49.223195705,20.194587650,1712.3,,
T,49.223027622,20.193132111,1618.0,,
T,49.222482624,20.192178450,1578.7,,
T,49.222046478,20.191023692,1567.6,,
T,49.221756995,20.190328861,1559.9,,
T,49.221336595,20.189158963,1555.1,,
T,49.220864721,20.188031891,1563.2,,
T,49.220236061,20.187371583,1589.7,,
T,49.219371727,20.186342477,1675.2,,
T,49.218433452,20.184947267,1824.6,,
T,49.217579211,20.184394498,1881.5,,
T,49.216872036,20.183401096,1988.7,,
T,49.216598287,20.182702106,1982.8,,
T,49.215970307,20.181216650,1890.3,,
T,49.215328802,20.179731139,1803.4,,
T,49.214683209,20.178688372,1735.2,,
T,49.214043415,20.177395628,1657.6,,
T,49.213505307,20.176390501,1606.2,,
T,49.212794165,20.175415018,1574.2,,
T,49.212215874,20.174921131,1552.0,,
T,49.211357745,20.173700005,1506.8,,
T,49.210462921,20.172541936,1503.9,,
T,49.209694661,20.171431397,1526.2,,
T,49.208883601,20.170647984,1575.6,,
T,49.208220308,20.170337624,1639.9,,
T,49.207337455,20.169760822,1790.7,,
T,49.206527378,20.169258201,1907.1,,
T,49.205910240,20.168879394,1960.2,,
T,49.205615344,20.168655435,1955.5,,
T,49.205228756,20.167600213,1880.2,,
T,49.204391473,20.166324949,1821.9,,
T,49.203684897,20.165310112,1770.4,,
T,49.203256802,20.164799225,1738.6,,
T,49.202837252,20.164027682,1699.9,,
T,49.202250702,20.163541891,1671.7,,
T,49.201646247,20.162894933,1692.7,,
T,49.201044855,20.162012997,1719.1,,
T,49.200304380,20.161314926,1720.0,,
T,49.199866281,20.160596538,1699.7,,
T,49.199283455,20.159628030,1678.0,,
T,49.198689635,20.159393523,1674.4,,
T,49.198099825,20.158905775,1669.0,,
T,49.197812977,20.158155721,1640.5,,
T,49.197080130,20.157162836,1614.2,,
T,49.196486392,20.156683833,1599.4,,
T,49.195736568,20.156013689,1596.2,,
T,49.194982915,20.155618165,1624.2,,
T,49.194224491,20.155055315,1671.1,,
T,49.193612521,20.155207779,1756.2,,
T,49.192834717,20.155387325,1927.8,,
T,49.192064100,20.155376429,2012.2,,
T,49.191309870,20.155278265,2087.0,,
T,49.190868504,20.155144955,2187.0,,
T,49.189855595,20.154764940,2098.4,,
T,49.189567485,20.154424208,2058.2,,
T,49.188840303,20.154256551,1986.9,,
T,49.187961153,20.154214702,1980.5,,
T,49.186936812,20.154449838,2043.7,,
T,49.186209714,20.153922180,2178.8,,
T,49.185192217,20.153785789,2174.9,,
T,49.184606462,20.153482889,2124.3,,
T,49.184019320,20.153405852,2097.8,,
T,49.182846706,20.152878862,2076.1,,
T,49.181821418,20.152848056,2065.7,,
T,49.181088582,20.152829679,2071.8,,
T,49.180216960,20.152875366,2085.0,,
T,49.179350233,20.153177634,2107.4,,
T,49.178625060,20.153657659,2142.5,,
T,49.178035768,20.154290968,2140.9,,
T,49.177299224,20.155144898,2115.1,,
T,49.176703007,20.155295305,2091.7,,
T,49.175961893,20.156359920,2041.1,,
T,49.175520294,20.156794556,2025.1,,
T,49.174932107,20.157683857,2045.9,,
T,49.174361314,20.158421220,2073.0,,
T,49.173651285,20.159628804,2112.4,,
T,49.172675200,20.161145658,2194.1,,
T,49.172132389,20.162178764,2265.8,,
T,49.171595611,20.162996541,2301.2,,
T,49.171008483,20.164077042,2307.2,,
T,49.170296415,20.165888641,2346.1,,
T,49.169546139,20.167363862,2277.3,,
T,49.169093707,20.168870736,2247.1,,
T,49.168381945,20.170012479,2280.4,,
T,49.167939789,20.170659150,2273.9,,
T,49.167337408,20.172160485,2269.0,,
T,49.167032157,20.172572478,2257.4,,
T,49.166406671,20.173812914,2224.5,,
T,49.166250024,20.174906310,2159.7,,
T,49.165767316,20.175932370,2102.7,,
T,49.165467697,20.177033471,2099.1,,
T,49.165350989,20.177979576,2136.7,,
T,49.165389086,20.178939121,2180.8,,
T,49.165136378,20.179895313,2224.7,,
T,49.165059776,20.181118735,2291.9,,
T,49.164805611,20.182502897,2341.3,,
T,49.164341729,20.184007311,2303.6,,
T,49.163707029,20.185481753,2249.8,,
T,49.163385486,20.186772496,2213.5,,
T,49.162576774,20.188676942,2144.6,,
T,49.162121197,20.190217046,2151.4,,
T,49.161819298,20.191321817,2144.4,,
T,49.161316319,20.192373152,2077.0,,
T,49.161123876,20.193449717,2033.3,,
T,49.160927752,20.194751618,1992.4,,
T,49.160737113,20.195838333,1968.4,,
T,49.160392244,20.196923236,1936.3,,
T,49.160367830,20.198032181,1903.6,,
T,49.160343713,20.198917652,1880.3,,
T,49.160147098,20.200240149,1844.9,,
T,49.160114100,20.201124629,1821.7,,
T,49.160072983,20.202006570,1798.3,,
T,49.160013293,20.203563027,1747.9,,
T,49.159940237,20.205573590,1689.0,,
T,49.159894749,20.206922762,1644.6,,
T,49.159843484,20.208502024,1605.9,,
T,49.159980002,20.209183799,1598.7,,
T,49.160102029,20.210319456,1580.8,,
T,49.160714115,20.211010773,1593.7,,
T,49.161160420,20.211925982,1592.7,,
T,49.161757828,20.213070589,1596.3,,
T,49.162526259,20.213761769,1620.1,,
T,49.163109624,20.214675742,1621.4,,
T,49.163933151,20.215586053,1531.7,,
T,49.164586615,20.216499650,1424.1,,
T,49.165428251,20.217192003,1351.8,,
T,49.165973086,20.218118116,1311.9,,
T,49.166712742,20.218815423,1294.1,,
T,49.167162369,20.219280300,1289.2,,
T,49.167917450,20.220209242,1284.0,,
T,49.168373848,20.220441926,1290.4,,
T,49.169148285,20.221366540,1330.7,,
T,49.169939385,20.222285271,1382.8,,
T,49.170732580,20.222737142,1448.0,,
T,49.171372538,20.223416263,1491.1,,
T,49.172007808,20.223863694,1526.4,,
T,49.172646811,20.224535235,1608.7,,
T,49.173432665,20.224745967,1675.8,,
T,49.173897418,20.225193009,1690.9,,
T,49.174641074,20.226106998,1675.1,,
T,49.175382057,20.227021393,1675.8,,
T,49.175986692,20.227243299,1695.2,,
T,49.176735478,20.227923002,1711.5,,
T,49.177633714,20.228600999,1717.3,,
T,49.177624936,20.229064739,1698.1,,
T,49.178218910,20.229295037,1694.4,,
T,49.179097035,20.230455286,1654.3,,
T,49.179692072,20.230686116,1651.3,,
T,49.180429070,20.231613427,1642.6,,
T,49.181172825,20.232529846,1649.8,,
T,49.181920560,20.232981183,1654.9,,
T,49.182814958,20.233665053,1652.7,,
T,49.183262798,20.233890504,1655.4,,
T,49.184006552,20.234351727,1660.9,,
T,49.184599792,20.235048965,1638.9,,
T,49.185043293,20.235983302,1618.0,,
T,49.185639782,20.236444439,1616.5,,
T,49.186383979,20.237371480,1598.6,,
T,49.187129590,20.238290557,1601.7,,
T,49.187875717,20.238986754,1595.2,,
T,49.188473292,20.239691801,1571.9,,
T,49.189071735,20.239929757,1563.2,,
T,49.190119615,20.241097721,1547.6,,
T,49.191016456,20.242014948,1553.8,,
T,49.191763482,20.242470988,1562.6,,
T,49.192361810,20.242932154,1563.1,,
T,49.193108350,20.243156221,1568.6,,
T,49.194003743,20.243379512,1577.6,,
T,49.195196784,20.243601030,1583.6,,
T,49.195795478,20.244065654,1580.0,,
T,49.196245364,20.244300789,1577.3,,
T,49.196991860,20.244299205,1584.8,,
T,49.198043906,20.244544672,1571.8,,
T,49.198940207,20.244773949,1562.4,,
T,49.199976970,20.244754942,1581.3,,
T,49.200568136,20.245201658,1588.3,,
T,49.201862243,20.245109534,1666.8,,
T,49.202878710,20.245295410,1724.1,,
T,49.204217015,20.245301040,1737.7,,
T,49.204991057,20.245352092,1672.8,,
T,49.205612302,20.245393344,1631.5,,
T,49.206345004,20.245376873,1641.8,,
T,49.207066882,20.245346429,1658.5,,
T,49.207788024,20.245317504,1699.3,,
T,49.208787719,20.245268325,1766.1,,
T,49.209849968,20.244845152,1746.8,,
T,49.210805912,20.244695550,1675.8,,
T,49.211144111,20.244056260,1649.8,,
T,49.211974265,20.243690876,1564.1,,
T,49.212803610,20.243086105,1485.7,,
T,49.213435673,20.242888574,1464.5,,
T,49.214359550,20.242450809,1434.9,,
T,49.214818377,20.241997595,1434.6,,
T,49.215867646,20.241536113,1424.5,,
T,49.216452513,20.240832495,1435.7,,
T,49.217326255,20.240352707,1468.0,,
T,49.217887787,20.239405412,1511.9,,
T,49.218590454,20.238456230,1551.7,,
T,49.219025977,20.237760723,1557.2,,
T,49.219312755,20.236836207,1563.4,,
T,49.219898823,20.235912990,1572.4,,
T,49.220189994,20.234992995,1580.4,,
T,49.220771455,20.233611916,1602.9,,
T,49.221352472,20.232461392,1618.5,,
T,49.221633916,20.231310926,1618.1,,
T,49.222221975,20.230166040,1615.2,,
T,49.222669270,20.229024163,1616.7,,
T,49.222817701,20.228566989,1616.2,,
T,49.222958652,20.227422193,1626.0,,
T,49.223099578,20.226506569,1636.5,,
T,49.223385661,20.225362330,1647.8,,
T,49.223673294,20.224447206,1657.3,,
T,49.223814787,20.223532733,1666.1,,
T,49.224097936,20.222392104,1675.8,,
T,49.224383674,20.220566059,1680.7,,
T,49.224496301,20.219424321,1683.0,,
T,49.224753059,20.218285863,1720.3,,
T,49.224833477,20.216695242,1749.7,,
T,49.224788723,20.215561343,1778.4,,
T,49.224735502,20.214433735,1814.5,,
T,49.224830797,20.213760474,1858.4,,
T,49.224762902,20.212186113,1920.8,,
T,49.224980978,20.211045481,1858.8,,
T,49.225018447,20.210586259,1837.6,,
T,49.225775377,20.209193841,1727.8,,
T,49.226289724,20.208497032,1681.1,,
T,49.226740590,20.208725001,1687.0,,
T,49.227472876,20.209412822,1713.1,,
T,49.227707540,20.210563616,1752.6,,
T,49.227868736,20.211471217,1750.0,,
T,49.227866055,20.212381355,1743.4,,
T,49.227864715,20.212836427,1743.6,,
T,49.227861998,20.213746443,1742.2,,
T,49.227688600,20.214884972,1748.8,,
T,49.227334693,20.216248993,1775.9,,
T,49.226845178,20.218063141,1811.4,,
T,49.226578989,20.219651195,1804.7,,
T,49.226607459,20.220787831,1789.0,,
T,49.226477478,20.221925186,1766.9,,
T,49.226192209,20.222608544,1742.9,,
T,49.225898337,20.224199446,1740.6,,
T,49.225738482,20.225788164,1763.1,,
T,49.225723604,20.226921550,1785.1,,
T,49.225456862,20.226472477,1751.3,,
T,49.225480025,20.225339858,1727.3,,
T,49.225502825,20.223978577,1708.3,,
T,49.225516017,20.222159392,1701.2,,
T,49.225510082,20.220792625,1701.4,,
T,49.225483380,20.219652287,1720.5,,
T,49.225451249,20.218514194,1747.3,,
T,49.225397693,20.217151494,1778.3,,
T,49.225351854,20.216018185,1795.3,,
T,49.225317392,20.214888483,1835.2,,
T,49.225247517,20.213762586,1902.8,,
T,49.225235490,20.212635254,1906.5,,
T,49.225305905,20.211041202,1848.3,,
T,49.225252926,20.209663356,1775.3,,
T,49.225195168,20.208279722,1721.0,,
T,49.225221546,20.207135913,1716.2,,
T,49.225068473,20.205999110,1734.5,,
T,49.224730546,20.204193453,1740.7,,
T,49.224574223,20.204423030,1755.5,,
T,49.224581482,20.205328943,1748.6,,
T,49.224573557,20.206695048,1742.3,,
T,49.224542170,20.208292783,1756.0,,
T,49.224369404,20.210595506,1871.7,,
T,49.224518642,20.213308312,1862.1,,
T,49.224770505,20.215108734,1788.3,,
T,49.224987850,20.217149733,1745.8,,
T,49.225442319,20.218286808,1752.8,,
T,49.225764688,20.220107458,1739.9,,
T,49.226304077,20.220105370,1792.1,,
T,49.226288080,20.219423459,1801.5,,
T,49.226260652,20.218288234,1818.1,,
T,49.226240596,20.217152982,1828.4,,
T,49.226074707,20.216246739,1837.1,,
T,49.226060890,20.215115242,1846.8,,
T,49.226044877,20.213986915,1855.0,,
T,49.225880022,20.212855958,1868.0,,
T,49.225753205,20.211720888,1849.4,,
T,49.225668615,20.210577360,1811.7,,
T,49.225288099,20.209201877,1745.1,,
T,49.225195168,20.208279722,1721.0,,
T,49.224574126,20.206921993,1741.8,,
T,49.224249728,20.205794443,1763.1,,
T,49.223605207,20.204676572,1810.0,,
T,49.223072370,20.203802388,1859.2,,
T,49.222661617,20.202719147,1923.1,,
T,49.221866289,20.201394374,1960.0,,
T,49.221796249,20.200456876,1924.3,,
T,49.221454348,20.199500627,1854.7,,
T,49.221004594,20.198059771,1754.3,,
T,49.220764618,20.197572075,1716.1,,
T,49.220973912,20.198530787,1774.7,,
T,49.221602604,20.199274631,1854.3,,
T,49.222330737,20.200934239,1973.8,,
T,49.223114053,20.201590687,1924.9,,
T,49.224357180,20.202634293,1791.3,,
T,49.224518453,20.202402745,1790.5,,
T,49.224143226,20.201754610,1831.7,,
T,49.223590432,20.200899220,1904.6,,
T,49.222796260,20.199798770,1954.1,,
T,49.222334774,20.198601364,1868.7,,
T,49.221971043,20.197877315,1812.7,,
T,49.221515217,20.196659379,1719.3,,
T,49.221042274,20.195441468,1627.8,,
T,49.220776618,20.194733077,1601.9,,
T,49.220382830,20.193550345,1575.6,,
T,49.219810691,20.192613095,1565.5,,
T,49.219509179,20.191927073,1566.8,,
T,49.218752703,20.190789868,1579.6,,
T,49.218116566,20.189907842,1604.6,,
T,49.217435770,20.188842674,1646.5,,
T,49.217043166,20.188252356,1750.7,,
T,49.216329214,20.187693192,1840.0,,
T,49.215624358,20.186910320,1913.0,,
T,49.215261144,20.186087811,1959.0,,
T,49.214823732,20.185183775,1987.4,,
T,49.214423580,20.184458074,1932.2,,
T,49.213923777,20.183442781,1891.7,,
T,49.213532064,20.182695664,1844.5,,
T,49.213269019,20.182196297,1800.4,,
T,49.212642593,20.180897596,1695.2,,
T,49.211975187,20.179640004,1618.2,,
T,49.211416772,20.178664634,1578.7,,
T,49.211138062,20.178173025,1561.5,,
T,49.210410786,20.177449440,1539.2,,
T,49.209812548,20.176988568,1542.3,,
T,49.209214311,20.176299553,1554.7,,
T,49.208309516,20.175167101,1569.6,,
T,49.207527897,20.174322415,1595.8,,
T,49.206654717,20.173922560,1753.5,,
T,49.205602694,20.173182428,1956.4,,
T,49.204932477,20.172718691,2051.9,,
T,49.204175421,20.172335578,2129.2,,
T,49.203611434,20.171383849,2064.7,,
T,49.202943731,20.169842303,1975.2,,
T,49.202685419,20.169054939,1919.2,,
T,49.202119457,20.168523861,1864.4,,
T,49.201556428,20.167527133,1825.6,,
T,49.200839878,20.166761033,1794.2,,
T,49.200543012,20.166314875,1787.4,,
T,49.199772239,20.165760985,1838.5,,
T,49.199152094,20.165439634,1929.3,,
T,49.198553576,20.165257955,1933.8,,
T,49.197832720,20.164730158,1905.2,,
T,49.197111046,20.164192212,1867.9,,
T,49.196824926,20.163919960,1844.7,,
T,49.196402383,20.163117156,1801.6,,
T,49.195818536,20.162827825,1779.2,,
T,49.195382968,20.162087278,1754.7,,
T,49.194793303,20.161601603,1739.3,,
T,49.193911614,20.160614160,1702.8,,
T,49.193316722,20.160160486,1703.1,,
T,49.192413115,20.159387299,1757.2,,
T,49.191809004,20.158857877,1827.9,,
T,49.190888534,20.158745426,2000.8,,
T,49.190435069,20.158574167,2132.4,,
T,49.189405474,20.158199495,2237.6,,
T,49.188828431,20.157593819,2177.9,,
T,49.187956735,20.156953403,2064.2,,
T,49.187227716,20.156234379,2050.4,,
T,49.186644735,20.156341352,2085.2,,
T,49.185774134,20.156099073,2156.1,,
T,49.185193176,20.156076737,2196.4,,
T,49.184312493,20.155696401,2120.4,,
T,49.183723379,20.155588786,2080.5,,
T,49.182987662,20.155514164,2072.1,,
T,49.182254995,20.155720943,2070.5,,
T,49.181667604,20.156147993,2062.4,,
T,49.180932582,20.156564845,2055.4,,
T,49.180192312,20.156718459,2026.4,,
T,49.179596619,20.157320679,1998.9,,
T,49.179149204,20.157718746,1975.5,,
T,49.178704397,20.158145999,1968.0,,
T,49.177975286,20.158851987,1985.0,,
T,49.177390921,20.159541537,2009.5,,
T,49.177089817,20.160401083,1974.7,,
T,49.176646183,20.161060583,1968.0,,
T,49.176200458,20.161936773,1960.4,,
T,49.175466225,20.162840894,1970.4,,
T,49.174876759,20.163736727,1967.2,,
T,49.174297057,20.164443676,1974.4,,
T,49.173720546,20.165385838,2001.5,,
T,49.173289707,20.166318644,2018.9,,
T,49.172736754,20.167330351,2051.0,,
T,49.172306535,20.168031619,2091.4,,
T,49.171910213,20.169282303,2158.0,,
T,49.171310816,20.170351753,2098.1,,
T,49.170680190,20.171340470,2046.6,,
T,49.170366832,20.172181667,2019.7,,
T,49.169923439,20.173069803,2018.8,,
T,49.169785020,20.173314144,2029.9,,
T,49.169243410,20.174762165,2094.4,,
T,49.169130566,20.175733143,2132.6,,
T,49.168764482,20.177228031,2219.8,,
T,49.168661600,20.178207182,2303.2,,
T,49.168506001,20.178850367,2287.7,,
T,49.167946837,20.180220840,2278.9,,
T,49.167664083,20.181121726,2274.1,,
T,49.167249316,20.182262097,2304.3,,
T,49.166980367,20.182962494,2331.1,,
T,49.166717801,20.183889669,2378.2,,
T,49.166457721,20.185258158,2411.9,,
T,49.166446363,20.186345254,2418.6,,
T,49.166263901,20.187173334,2403.4,,
T,49.166264355,20.188058571,2376.8,,
T,49.165956151,20.189137580,2315.6,,
T,49.165910473,20.190186369,2269.1,,
T,49.165711381,20.191450226,2232.9,,
T,49.165651201,20.192715673,2167.5,,
T,49.165460284,20.193781049,2107.1,,
T,49.165415902,20.194627761,2061.0,,
T,49.164946852,20.195716736,2019.2,,
T,49.164757955,20.197021527,2008.0,,
T,49.164624297,20.198602914,2035.2,,
T,49.164482899,20.199278846,2045.9,,
T,49.164450480,20.200375815,2022.7,,
T,49.164126915,20.201475879,2001.0,,
T,49.164099980,20.202582362,1974.4,,
T,49.164074249,20.203692370,1953.0,,
T,49.164047253,20.204804532,1936.4,,
T,49.164012715,20.206364752,1900.0,,
T,49.164113889,20.207700070,1854.7,,
T,49.164071752,20.208815088,1810.1,,
T,49.164177950,20.209935400,1780.7,,
T,49.164293269,20.210833798,1746.1,,
T,49.164692149,20.211503796,1696.8,,
T,49.164943628,20.212176588,1653.1,,
T,49.165639809,20.212623757,1591.2,,
T,49.166328036,20.213299871,1534.1,,
T,49.167008386,20.213747185,1442.8,,
T,49.167683378,20.214657956,1360.7,,
T,49.168254090,20.215580669,1323.0,,
T,49.168703639,20.216044103,1305.8,,
T,49.169461169,20.216741173,1316.3,,
T,49.169927376,20.217205031,1333.7,,
T,49.170708774,20.218131086,1379.3,,
T,49.171325765,20.218362831,1398.1,,
T,49.172243164,20.219056051,1416.7,,
T,49.173018788,20.219515997,1463.9,,
T,49.173634502,20.219975223,1468.9,,
T,49.174393161,20.220435119,1489.4,,
T,49.175315855,20.220662072,1522.1,,
T,49.175941579,20.221342643,1586.9,,
T,49.176870687,20.221790126,1664.6,,
T,49.177487357,20.221783112,1722.1,,
T,49.178427055,20.222442335,1831.1,,
T,49.179192560,20.222880338,1901.1,,
T,49.179801019,20.223319083,1971.7,,
T,49.180688367,20.223991493,1976.3,,
T,49.181414051,20.224902895,1935.1,,
T,49.181996700,20.225587565,1910.5,,
T,49.182729796,20.226268960,1903.2,,
T,49.183613082,20.226948434,1919.8,,
T,49.184198144,20.227412465,1894.7,,
T,49.184929732,20.228112740,1829.2,,
T,49.185665660,20.228359006,1792.6,,
T,49.186553892,20.228588849,1796.3,,
T,49.187293171,20.229275379,1792.0,,
T,49.188033616,20.229741183,1776.0,,
T,49.188773605,20.230651214,1753.3,,
T,49.189365901,20.230877518,1763.8,,
T,49.189808354,20.231323486,1771.2,,
T,49.190250219,20.231768854,1813.0,,
T,49.190988074,20.232445355,1811.3,,
T,49.191728486,20.232905061,1807.8,,
T,49.192169776,20.233124992,1815.9,,
T,49.192903089,20.233563297,1837.7,,
T,49.193197673,20.233788546,1842.8,,
T,49.193929846,20.234001058,1868.0,,
T,49.194660573,20.234213161,1887.1,,
T,49.195386574,20.234191748,1915.5,,
T,49.196111872,20.234171355,1942.8,,
T,49.196839753,20.234162290,1970.4,,
T,49.197588748,20.234640344,1939.8,,
T,49.198626918,20.234880945,1898.9,,
T,49.199074652,20.235117004,1903.2,,
T,49.199824990,20.235817816,1865.1,,
T,49.200566515,20.236504365,1883.8,,
T,49.201303676,20.237411522,1880.9,,
T,49.201894699,20.238093399,1855.7,,
T,49.202630091,20.239224065,1879.0,,
T,49.203368375,20.240359541,1868.8,,
T,49.203966277,20.240824806,1863.1,,
T,49.204564674,20.241062388,1838.8,,
T,49.205039312,20.241559973,1803.5,,
T,49.205765784,20.241545216,1823.0,,
T,49.206491269,20.241530369,1847.0,,
T,49.207072035,20.241519649,1859.6,,
T,49.207968278,20.241534072,1853.3,,
T,49.208751338,20.241586271,1802.1,,
T,49.209562101,20.241209737,1732.4,,
T,49.210226008,20.241055710,1674.7,,
T,49.210904264,20.240452466,1571.6,,
T,49.211720817,20.240060404,1524.1,,
T,49.212049469,20.239627517,1504.0,,
T,49.212829304,20.238964130,1468.3,,
T,49.213442438,20.238054333,1460.7,,
T,49.213889028,20.237361677,1470.0,,
T,49.214180313,20.236664217,1473.1,,
T,49.214908576,20.235500635,1498.4,,
T,49.215490233,20.234571235,1514.7,,
T,49.215777037,20.233644874,1523.2,,
T,49.216357343,20.232717679,1534.8,,
T,49.216784588,20.232019549,1554.3,,
T,49.217056579,20.231090469,1588.9,,
T,49.219166588,20.226706189,1679.2,,
T,49.220357132,20.223289865,1670.9,,
T,49.221207471,20.218952781,1814.2,,
T,49.221326866,20.218272565,1828.7,,
T,49.221283569,20.217141266,1862.8,,
T,49.221268012,20.216011266,1860.8,,
T,49.221259633,20.215108203,1879.8,,
T,49.221195218,20.213759472,1915.5,,
T,49.220958588,20.212644928,1974.2,,
T,49.220887778,20.211533555,2011.3,,
T,49.220794608,20.210431382,2075.2,,
T,49.220421055,20.209332106,2158.6,,
T,49.220416877,20.208217121,2129.9,,
T,49.220450918,20.207313832,2121.9,,
T,49.220535386,20.206168078,2095.4,,
T,49.220442157,20.205027522,2077.0,,
T,49.220462759,20.203897097,2025.0,,
T,49.220527024,20.202747861,1979.3,,
T,49.220525560,20.200650408,1885.9,,
T,49.220481037,20.199464837,1802.0,,
T,49.220107593,20.198516548,1753.2,,
T,49.219857995,20.197806273,1725.2,,
T,49.219305116,20.197096199,1713.2,,
T,49.218911425,20.196145890,1690.7,,
T,49.218644923,20.195441814,1657.2,,
T,49.218047241,20.194300799,1646.9,,
T,49.217434339,20.193400370,1665.0,,
T,49.216979766,20.192494349,1665.5,,
T,49.216518847,20.191594649,1675.8,,
T,49.215374717,20.190245049,1853.3,,
T,49.214441951,20.189096721,2033.6,,
T,49.213806532,20.188698494,2107.2,,
T,49.213532727,20.188231120,2093.4,,
T,49.212998510,20.187499063,2044.0,,
T,49.212462867,20.187212037,1984.6,,
T,49.211932560,20.186688808,1920.8,,
T,49.211550379,20.185708274,1870.2,,
T,49.210993511,20.184983935,1847.0,,
T,49.210124942,20.184278549,1827.2,,
T,49.209361296,20.183409233,1850.3,,
T,49.208622168,20.182752257,1979.4,,
T,49.207995210,20.182368609,2073.0,,
T,49.207497826,20.181313371,1990.3,,
T,49.207150782,20.180455349,1861.3,,
T,49.206486715,20.179631364,1766.8,,
T,49.205868750,20.178775621,1798.9,,
T,49.205412893,20.178122573,1909.1,,
T,49.204937668,20.177739026,1995.1,,
T,49.204247198,20.177076508,2034.7,,
T,49.203540952,20.177149871,2125.5,,
T,49.202943782,20.176072580,2163.8,,
T,49.202551115,20.175056571,2099.3,,
T,49.201999013,20.174067282,2015.9,,
T,49.201443035,20.173300517,1959.9,,
T,49.200895649,20.172271537,1932.4,,
T,49.200461982,20.171569696,1917.8,,
T,49.199849472,20.171206287,1935.4,,
T,49.199078887,20.170003605,2015.1,,
T,49.198176005,20.169224037,2106.6,,
T,49.197439623,20.169027030,2103.0,,
T,49.196869667,20.168508396,2076.5,,
T,49.196152026,20.168207369,2048.1,,
T,49.195292024,20.167639602,1986.6,,
T,49.194719158,20.167091415,1949.8,,
T,49.194001677,20.166277390,1900.0,,
T,49.193428623,20.165230620,1835.5,,
T,49.192842323,20.164949480,1801.5,,
T,49.192403425,20.164220020,1777.2,,
T,49.191656504,20.163845787,1813.8,,
T,49.190910920,20.163267559,1867.9,,
T,49.190165479,20.162963616,1924.3,,
T,49.189418534,20.162819388,2002.1,,
T,49.188676846,20.162804429,2215.1,,
T,49.187948475,20.162841356,2368.7,,
T,49.187225507,20.162792809,2283.1,,
T,49.186497873,20.162595231,2179.3,,
T,49.185764982,20.161915240,2132.7,,
T,49.185032373,20.161618918,2087.5,,
T,49.184298778,20.161328522,2061.0,,
T,49.183566779,20.161316566,2061.3,,
T,49.182835643,20.161090841,2066.5,,
T,49.182098871,20.161715256,2054.0,,
T,49.181507555,20.161881467,2028.1,,
T,49.180618464,20.162250019,1996.9,,
T,49.179881834,20.162904457,1994.9,,
T,49.179294283,20.163809242,1992.8,,
T,49.178706545,20.164025710,1997.4,,
T,49.178118560,20.164470263,1998.4,,
T,49.177674582,20.165352183,1983.5,,
T,49.177376905,20.166007869,1973.9,,
T,49.176929585,20.166651647,1976.5,,
T,49.176480134,20.167289386,1967.8,,
T,49.175882865,20.167701237,1931.1,,
T,49.175583600,20.168584368,1913.4,,
T,49.175137262,20.169242085,1900.1,,
T,49.174836258,20.169895917,1899.3,,
T,49.174391990,20.170792346,1896.2,,
T,49.174096658,20.171467221,1903.6,,
T,49.173671935,20.172652464,1936.5,,
T,49.173531774,20.173353318,1932.5,,
T,49.173217527,20.174417997,1906.9,,
T,49.172765114,20.175516537,1893.8,,
T,49.172471528,20.176649444,1894.8,,
T,49.172065020,20.177870386,1960.1,,
T,49.171840224,20.179615921,2048.5,,
T,49.171434898,20.180366068,2131.5,,
T,49.171278710,20.181237680,2071.9,,
T,49.171117016,20.182324892,2046.2,,
T,49.170670032,20.183428248,2048.1,,
T,49.170514686,20.184307094,2029.0,,
T,49.170089599,20.185677572,2051.0,,
T,49.169790138,20.187008295,2078.6,,
T,49.169630242,20.188106117,2025.8,,
T,49.169320038,20.188975423,1968.9,,
T,49.169032354,20.190328942,1966.3,,
T,49.169036837,20.191008371,2013.6,,
T,49.168609886,20.192594304,2066.8,,
T,49.168233157,20.194283787,1963.5,,
T,49.168043346,20.195134350,1906.8,,
T,49.168027868,20.196244571,1841.0,,
T,49.167724973,20.197364003,1885.3,,
T,49.167681949,20.198450913,1912.9,,
T,49.167639571,20.199543404,1811.6,,
T,49.167742394,20.200638378,1749.9,,
T,49.167722250,20.201303231,1717.3,,
T,49.167836064,20.202413315,1659.9,,
T,49.167815448,20.203537252,1637.9,,
T,49.167929714,20.204654411,1625.9,,
T,49.167904209,20.205780649,1613.8,,
T,49.168298489,20.206894842,1547.0,,
T,49.168555035,20.208020011,1499.9,,
T,49.168971906,20.208463946,1470.1,,
T,49.169256750,20.209147820,1446.4,,
T,49.169673075,20.210285635,1383.7,,
T,49.170254419,20.211202513,1356.2,,
T,49.170551615,20.211894771,1361.0,,
T,49.171168697,20.212363025,1377.5,,
T,49.171812044,20.213068844,1425.0,,
T,49.172132225,20.213305358,1465.4,,
T,49.173089782,20.213783062,1576.8,,
T,49.173865907,20.214249959,1620.1,,
T,49.174618237,20.214481586,1621.2,,
T,49.175203865,20.214709412,1597.4,,
T,49.175937726,20.214938179,1560.4,,
T,49.176672148,20.215624315,1532.7,,
T,49.177568987,20.216084738,1537.8,,
T,49.178177038,20.216775004,1567.3,,
T,49.178954011,20.217693238,1621.5,,
T,49.179583766,20.218376243,1753.1,,
T,49.180204505,20.219280364,1804.0,,
T,49.180659722,20.219956519,1857.5,,
T,49.181417740,20.220626444,1915.2,,
T,49.181870141,20.221071137,1968.1,,
T,49.182617453,20.221512110,2035.1,,
T,49.183206537,20.222181671,2052.8,,
T,49.183641028,20.222636114,2030.9,,
T,49.184222010,20.223317840,1997.0,,
T,49.184950639,20.224003570,1944.0,,
T,49.185826458,20.224930434,1893.3,,
T,49.186412853,20.225620718,1859.0,,
T,49.187298086,20.226079222,1851.6,,
T,49.188036038,20.226766007,1841.3,,
T,49.188627939,20.227229590,1815.9,,
T,49.189369103,20.227924147,1779.7,,
T,49.189960185,20.228375855,1798.9,,
T,49.190844121,20.229045581,1816.7,,
T,49.191574894,20.229250635,1874.3,,
T,49.192155251,20.229453079,1914.1,,
T,49.193172726,20.230104837,1950.6,,
T,49.193898873,20.230540631,1980.0,,
T,49.194621372,20.230747108,2026.0,,
T,49.195343586,20.231180956,2044.3,,
T,49.196066856,20.231394000,2063.2,,
T,49.196646940,20.231611117,2077.3,,
T,49.197536569,20.232306314,2057.8,,
T,49.198277311,20.232545557,2010.8,,
T,49.198867330,20.232777188,2009.3,,
T,49.199780337,20.233723239,1980.2,,
T,49.200371855,20.233730220,1944.7,,
T,49.201279095,20.234213552,1915.6,,
T,49.202005251,20.234204094,1933.0,,
T,49.202725141,20.234189779,1957.6,,
T,49.203445025,20.234176452,1984.7,,
T,49.203877653,20.234619898,1998.8,,
T,49.204629549,20.234639720,1986.4,,
T,49.205403791,20.234905497,1906.3,,
T,49.206490428,20.235185972,1871.2,,
T,49.207565254,20.235905832,1812.2,,
T,49.208358310,20.236409920,1768.6,,
T,49.209333401,20.236486866,1674.6,,
T,49.210015631,20.236101862,1584.1,,
T,49.210348238,20.235671386,1542.8,,
T,49.210977782,20.234547352,1511.5,,
T,49.211132130,20.233861536,1514.6,,
T,49.211604145,20.232727953,1509.6,,
T,49.211903902,20.232268928,1509.8,,
T,49.212350749,20.231348662,1501.4,,
T,49.212497411,20.230427707,1513.4,,
T,49.212799165,20.229739996,1508.7,,
T,49.213251810,20.228593397,1507.0,,
T,49.213821730,20.227664216,1518.5,,
T,49.214104744,20.226740867,1532.1,,
T,49.214248609,20.225822616,1550.4,,
T,49.214512147,20.225125416,1571.5,,
T,49.214758583,20.223969145,1608.1,,
T,49.214855030,20.222817083,1655.4,,
T,49.215082735,20.221667508,1740.9,,
T,49.215164536,20.220523677,1788.6,,
T,49.215214734,20.219383520,1862.9,,
T,49.215295633,20.218252689,1937.4,,
T,49.215550403,20.217126284,1949.8,,
T,49.215684127,20.216226645,1981.0,,
T,49.215818156,20.214877999,1996.5,,
T,49.215970378,20.213753194,1980.2,,
T,49.216255214,20.212855905,1986.0,,
T,49.216424722,20.211728228,1953.3,,
T,49.216602627,20.210371230,1943.7,,
T,49.216588632,20.209474111,1936.8,,
T,49.216691735,20.208137895,1964.2,,
T,49.216669361,20.207471490,1992.4,,
T,49.216893177,20.206152058,2072.6,,
T,49.216899065,20.204806220,2043.5,,
T,49.216978465,20.203873193,1972.6,,
T,49.216889378,20.202494964,1947.6,,
T,49.216888380,20.201370624,1948.2,,
T,49.216730618,20.200925892,1979.1,,
T,49.216693548,20.199599772,2005.3,,
T,49.216349071,20.197285032,1878.9,,
T,49.216384488,20.195569077,1758.0,,
T,49.216453492,20.194380196,1729.4,,
T,49.216156924,20.192788454,1702.9,,
T,49.215633693,20.192177201,1802.7,,
T,49.214879158,20.191198395,1942.3,,
T,49.214279500,20.189783926,2035.6,,
T,49.213806532,20.188698494,2107.2,,
T,49.213532727,20.188231120,2093.4,,
T,49.213142801,20.187278430,2042.9,,
T,49.212913254,20.186303272,1987.6,,
T,49.212379430,20.185783977,1923.8,,
T,49.211740401,20.184523740,1821.0,,
T,49.211340526,20.183782175,1801.9,,
T,49.210357018,20.182113297,1747.8,,
T,49.209615410,20.181430778,1732.2,,
T,49.209018086,20.180753404,1729.1,,
T,49.208424363,20.180072100,1720.5,,
T,49.207689087,20.179829339,1772.4,,
T,49.207456900,20.179025567,1692.3,,
T,49.206824331,20.178870225,1719.5,,
T,49.205725097,20.178086824,1855.6,,
T,49.204937668,20.177739026,1995.1,,
T,49.204247390,20.177747578,2069.9,,
T,49.203532061,20.177394788,2124.5,,
T,49.202913899,20.177041106,2208.0,,
T,49.201815992,20.176183163,2061.7,,
T,49.200831719,20.175615684,2026.2,,
T,49.200402997,20.175133534,2026.9,,
T,49.199780972,20.175253999,2065.2,,
T,49.198831745,20.175298258,2242.4,,
T,49.198231421,20.175151347,2275.7,,
T,49.197671460,20.174847068,2204.0,,
T,49.196692684,20.173778753,2124.5,,
T,49.195695429,20.172983949,2045.7,,
T,49.194835936,20.172203081,2015.6,,
T,49.194548008,20.171721342,2001.5,,
T,49.193966165,20.171236963,1983.1,,
T,49.193380719,20.171000263,1981.1,,
T,49.192652964,20.170278313,1972.8,,
T,49.191781565,20.169258453,1891.9,,
T,49.190603062,20.168586658,1901.9,,
T,49.189117683,20.168077685,2087.2,,
T,49.188672828,20.168126027,2168.0,,
T,49.187943112,20.168011269,2302.4,,
T,49.187222332,20.168075675,2384.9,,
T,49.186787867,20.167778194,2331.5,,
T,49.185914735,20.167558204,2259.9,,
T,49.185031019,20.167040702,2108.2,,
T,49.184290733,20.166871462,2048.0,,
T,49.183550281,20.166757906,2000.7,,
T,49.182520394,20.166722926,1986.2,,
T,49.181789573,20.166749446,2005.6,,
T,49.180907853,20.166738419,2007.1,,
T,49.179874750,20.167824607,1995.4,,
T,49.179132144,20.168453121,1948.5,,
T,49.178532621,20.168840029,1920.1,,
T,49.177796819,20.169516334,1928.8,,
T,49.177347925,20.170387423,1917.8,,
T,49.177054474,20.170844881,1924.5,,
T,49.176173270,20.171978178,1947.4,,
T,49.175725471,20.172857272,1939.2,,
T,49.174982346,20.174186056,1922.8,,
T,49.174672096,20.175265021,1897.6,,
T,49.174358348,20.176335575,1849.8,,
T,49.174346345,20.177209222,1834.0,,
T,49.174202966,20.178578954,1843.9,,
T,49.174039888,20.180575984,1836.3,,
T,49.173876439,20.182803889,1769.6,,
T,49.173563663,20.184351866,1783.5,,
T,49.173246245,20.186122743,1727.8,,
T,49.173074417,20.187437690,1708.5,,
T,49.172761098,20.189228665,1692.8,,
T,49.172596832,20.190567905,1660.5,,
T,49.172432797,20.191682505,1646.8,,
T,49.172272679,20.193034669,1625.2,,
T,49.172257755,20.193925504,1607.9,,
T,49.171953703,20.194831629,1634.8,,
T,49.171928238,20.196169115,1585.5,,
T,49.171738314,20.197720555,1519.9,,
T,49.171569927,20.198616363,1498.3,,
T,49.171543954,20.200428036,1460.2,,
T,49.171534384,20.201799009,1455.7,,
T,49.171973428,20.202710501,1435.2,,
T,49.172266916,20.203855690,1424.8,,
T,49.172873994,20.204553872,1437.5,,
T,49.173333537,20.205253416,1445.0,,
T,49.173791646,20.206181491,1477.6,,
T,49.174426150,20.207360117,1538.3,,
T,49.175072965,20.208086798,1625.1,,
T,49.175715553,20.209035923,1674.3,,
T,49.176197428,20.209971970,1792.1,,
T,49.176777860,20.211101218,1761.2,,
T,49.177330648,20.211989207,1649.1,,
T,49.177901978,20.212433559,1605.7,,
T,49.178784287,20.213802315,1564.9,,
T,49.179692579,20.214723747,1607.9,,
T,49.180617338,20.215422395,1692.9,,
T,49.181686170,20.215435164,1850.0,,
T,49.182148394,20.215669669,1908.1,,
T,49.182600200,20.215675117,1922.7,,
T,49.183348347,20.215907636,2017.8,,
T,49.184092931,20.216587130,2100.4,,
T,49.185126364,20.217039683,2167.9,,
T,49.186293076,20.217711553,2202.2,,
T,49.187164660,20.218383407,2149.8,,
T,49.188038758,20.219281935,2083.9,,
T,49.188770620,20.220183587,2043.5,,
T,49.189356008,20.220633839,2034.5,,
T,49.190235668,20.221760798,2031.8,,
T,49.190828468,20.222671304,1947.0,,
T,49.191426889,20.223364577,1905.8,,
T,49.192018595,20.223821752,1897.5,,
T,49.192460997,20.224500514,1896.7,,
T,49.193186304,20.224939641,1929.8,,
T,49.193893305,20.225807713,2034.1,,
T,49.194602286,20.226230518,2114.1,,
T,49.195165720,20.226880097,2157.0,,
T,49.195736033,20.227090156,2184.3,,
T,49.196591153,20.227742127,2224.2,,
T,49.197159766,20.227731917,2265.8,,
T,49.197879241,20.227950347,2282.0,,
T,49.198626769,20.228418690,2225.1,,
T,49.199395592,20.228906508,2137.6,,
T,49.200313349,20.229171669,2055.9,,
T,49.201068087,20.229418600,1998.8,,
T,49.201808404,20.229652114,2002.9,,
T,49.202392029,20.230100951,2017.0,,
T,49.203259641,20.230318523,2064.8,,
T,49.204177703,20.230351538,1989.8,,
T,49.204806386,20.230609481,1941.7,,
T,49.205440212,20.230644078,1886.0,,
T,49.206078266,20.230679592,1828.9,,
T,49.207373161,20.230757216,1691.0,,
T,49.208027454,20.230796898,1635.6,,
T,49.208649476,20.230814849,1607.1,,
T,49.209583897,20.229923897,1557.2,,
T,49.210057334,20.229021128,1540.0,,
T,49.210375117,20.228112993,1533.7,,
T,49.210831902,20.226968487,1533.1,,
T,49.210830424,20.225820953,1525.1,,
T,49.210983590,20.225134541,1526.3,,
T,49.210978180,20.223984904,1531.7,,
T,49.210967817,20.223063882,1536.9,,
T,49.211098127,20.221914036,1561.7,,
T,49.211094352,20.220996685,1572.8,,
T,49.211231940,20.219850985,1592.2,,
T,49.211189016,20.218247135,1626.7,,
T,49.211430400,20.215967441,1670.0,,
T,49.211436730,20.213259418,1860.4,,
T,49.211321614,20.210800911,2078.0,,
T,49.211398138,20.208799662,2041.9,,
T,49.211326380,20.206363035,1990.6,,
T,49.211289523,20.205039713,2032.1,,
T,49.211225607,20.203289259,2092.6,,
T,49.211204832,20.202856417,2113.7,,
T,49.210746758,20.201978792,2161.7,,
T,49.210541604,20.201131261,2229.2,,
T,49.209883404,20.199860299,2290.8,,
T,49.209328585,20.198511852,2330.0,,
T,49.208708911,20.197082794,2212.9,,
T,49.208373672,20.195194197,2087.4,,
T,49.207672731,20.193595110,2059.8,,
T,49.207093248,20.191797499,2057.5,,
T,49.206488935,20.190481962,2050.2,,
T,49.206149484,20.189434351,2090.4,,
T,49.205646887,20.188424792,2179.9,,
T,49.205306069,20.187400381,2270.8,,
T,49.204838455,20.185421373,2173.6,,
T,49.204499976,20.184564578,2085.2,,
T,49.204231005,20.183616264,2079.0,,
T,49.203361025,20.182568033,2209.0,,
T,49.202661947,20.181731343,2333.8,,
T,49.202083847,20.181070340,2345.9,,
T,49.201808321,20.180593467,2299.8,,
T,49.201277350,20.179802841,2196.4,,
T,49.200589155,20.179248674,2179.6,,
T,49.199548809,20.178431627,2282.0,,
T,49.198476953,20.177965274,2387.9,,
T,49.197635081,20.177205340,2271.0,,
T,49.196801411,20.176612957,2203.4,,
T,49.195642295,20.176144644,2199.3,,
T,49.194765961,20.175945363,2181.4,,
T,49.194043753,20.175479490,2217.3,,
T,49.193182065,20.175179974,2169.2,,
T,49.192460367,20.174900373,2125.9,,
T,49.191879743,20.174652868,2127.1,,
T,49.190860211,20.174630230,2109.5,,
T,49.189692191,20.174645127,2124.2,,
T,49.188665023,20.174860179,2294.4,,
T,49.188085185,20.174814868,2178.1,,
T,49.187358650,20.174903568,2091.3,,
T,49.186480707,20.174758547,2043.6,,
T,49.185746632,20.175121102,2023.4,,
T,49.185012628,20.175352728,2025.3,,
T,49.184279676,20.175559745,2017.5,,
T,49.183692949,20.175780112,2018.0,,
T,49.182960290,20.175779735,2017.4,,
T,49.181774955,20.176358208,1973.3,,
T,49.181323222,20.176509346,1921.1,,
T,49.180716870,20.176626965,1858.3,,
T,49.179816750,20.177452118,1822.4,,
T,49.179071068,20.178100022,1813.0,,
T,49.178470294,20.178513357,1811.5,,
T,49.178019196,20.179620861,1796.5,,
T,49.177556117,20.180914076,1750.0,,
T,49.177551806,20.181354143,1741.5,,
T,49.177084548,20.182419016,1701.2,,
T,49.176768865,20.183500801,1655.0,,
T,49.176308146,20.184830959,1616.0,,
T,49.176003448,20.186414036,1611.7,,
T,49.175691596,20.188211859,1606.4,,
T,49.175534120,20.189566420,1586.0,,
T,49.175525422,20.190689434,1575.0,,
T,49.175518130,20.191593427,1565.2,,
T,49.175508900,20.192720955,1556.4,,
T,49.175657036,20.194094249,1554.4,,
T,49.175966505,20.195262023,1576.7,,
T,49.176115119,20.196407605,1587.2,,
T,49.176579945,20.197813027,1627.1,,
T,49.176902588,20.199000360,1695.4,,
T,49.177380598,20.200196846,1758.1,,
T,49.177698336,20.201144183,1774.6,,
T,49.178179960,20.202341065,1867.6,,
T,49.178807095,20.203533460,1949.4,,
T,49.179231706,20.204409638,1918.4,,
T,49.179644079,20.205267222,1855.0,,
T,49.180210476,20.205908630,1775.4,,
T,49.180619683,20.207446015,1664.3,,
T,49.181048777,20.209021343,1617.6,,
T,49.181642074,20.211305942,1618.0,,
T,49.182417886,20.213844664,1744.2,,
T,49.182750156,20.215676689,1936.4,,
T,49.183498605,20.216807512,2034.7,,
T,49.184389014,20.218153764,2104.7,,
T,49.184978029,20.218822877,2165.1,,
T,49.185561837,20.219047188,2159.7,,
T,49.186286251,20.219945682,2108.6,,
T,49.187014678,20.220399466,2068.0,,
T,49.187745419,20.221080032,2021.8,,
T,49.188478710,20.221535344,1995.7,,
T,49.189358730,20.222213259,1987.1,,
T,49.190239107,20.222441054,1992.2,,
T,49.191274091,20.222679371,1927.7,,
T,49.192015969,20.222915108,1905.4,,
T,49.192755092,20.223371901,1899.9,,
T,49.193194937,20.223369248,1904.5,,
T,49.193776138,20.223589675,1935.4,,
T,49.194490392,20.223798963,1993.4,,
T,49.195205156,20.223786294,2053.4,,
T,49.195769765,20.223996381,2110.8,,
T,49.196474524,20.223981008,2164.6,,
T,49.197307123,20.224401301,2242.7,,
T,49.198139046,20.224380029,2303.4,,
T,49.198869673,20.224387052,2288.8,,
T,49.199927577,20.224637530,2213.0,,
T,49.200675362,20.225097269,2175.5,,
T,49.201843908,20.225772268,2204.6,,
T,49.202424385,20.225772909,2207.0,,
T,49.203345293,20.226024181,2135.8,,
T,49.203991622,20.226058388,2042.6,,
T,49.205004282,20.226126186,1875.6,,
T,49.205827667,20.225487892,1780.9,,
T,49.206378344,20.224620382,1652.0,,
T,49.206542228,20.223484061,1621.0,,
T,49.207012186,20.222349053,1604.4,,
T,49.207180464,20.220981371,1595.4,,
T,49.207352961,20.219380713,1566.4,,
T,49.207351067,20.218923170,1564.0,,
T,49.207499689,20.217779218,1572.0,,
T,49.207488186,20.216406359,1591.2,,
T,49.207477678,20.214806141,1600.8,,
T,49.207738397,20.212987513,1651.0,,
T,49.207586868,20.211437532,1783.5,,
T,49.207456308,20.209676475,1986.6,,
T,49.207396836,20.207459659,2025.7,,
T,49.207024447,20.205044449,2125.5,,
T,49.206467525,20.202682677,2229.6,,
T,49.205989758,20.200062955,2330.8,,
T,49.205424877,20.198277623,2298.2,,
T,49.204840749,20.196512554,2235.7,,
T,49.204229492,20.195008482,2236.6,,
T,49.203806830,20.193226598,2351.2,,
T,49.203076543,20.191692383,2343.9,,
T,49.202371560,20.190558308,2332.7,,
T,49.201664596,20.189643297,2268.0,,
T,49.201098315,20.188732193,2261.8,,
T,49.200384425,20.187822864,2254.1,,
T,49.199663063,20.187373205,2258.8,,
T,49.198495459,20.186509702,2284.5,,
T,49.197030746,20.186122025,2322.4,,
T,49.195529240,20.185459182,2455.6,,
T,49.194529503,20.185218231,2403.4,,
T,49.193283096,20.184516472,2244.6,,
T,49.192424593,20.184450985,2218.0,,
T,49.190971037,20.184261001,2231.1,,
T,49.189515317,20.184153817,2375.3,,
T,49.188074884,20.184012347,2232.9,,
T,49.186036375,20.183784736,2124.8,,
T,49.184568277,20.184121133,2050.8,,
T,49.183537623,20.184521041,2026.0,,
T,49.183092213,20.185380305,2001.9,,
T,49.182942635,20.185813121,1990.5,,
T,49.182938974,20.186690592,1975.0,,
T,49.182939571,20.188051062,1969.8,,
T,49.183405388,20.190485289,2173.9,,
T,49.184009737,20.192884859,2269.7,,
T,49.184302896,20.195590769,2338.2,,
T,49.184997162,20.197818202,2114.8,,
T,49.185568384,20.199955968,2016.8,,
T,49.186437881,20.202293416,1777.9,,
T,49.187324967,20.204080860,1721.7,,
T,49.188357019,20.205748113,1882.5,,
T,49.189236524,20.208030354,1900.0,,
T,49.190106496,20.210093470,1976.2,,
T,49.190961252,20.211484044,2134.9,,
T,49.191662623,20.212852974,2334.3,,
T,49.192359831,20.213541225,2409.6,,
T,49.193351805,20.214434156,2408.3,,
T,49.194060886,20.214879610,2473.1,,
T,49.195081382,20.215756665,2457.4,,
T,49.196287190,20.216191299,2320.1,,
T,49.197342099,20.216855380,2258.7,,
T,49.198400274,20.216866256,2424.3,,
T,49.199450927,20.217087928,2379.1,,
T,49.200261435,20.217086376,2241.9,,
T,49.201540643,20.217091231,2239.9,,
T,49.202375439,20.216194207,2133.8,,
T,49.202722085,20.215516295,2045.4,,
T,49.203215756,20.214384108,1911.6,,
T,49.203547011,20.213248572,1871.2,,
T,49.203828538,20.211673960,1889.2,,
T,49.204087281,20.209662798,1939.9,,
T,49.204038577,20.207667550,2004.0,,
T,49.203992479,20.205906453,2050.5,,
T,49.203918489,20.203733356,2148.3,,
T,49.203420747,20.200904002,2210.4,,
T,49.203198775,20.198560100,2298.2,,
T,49.202709160,20.196433947,2485.6,,
T,49.202052005,20.194359780,2357.3,,
T,49.201250561,20.192257384,2274.2,,
T,49.199839098,20.190402477,2211.7,,
T,49.198232615,20.188425513,2216.2,,
T,49.196171337,20.187190777,2265.0,,
T,49.194534381,20.186947349,2435.3,,
T,49.193275442,20.186757181,2270.7,,
T,49.192286061,20.187056019,2213.9,,
T,49.191132413,20.187865188,2154.3,,
T,49.190260620,20.188942641,2119.8,,
T,49.189824985,20.190022394,2087.7,,
T,49.189677911,20.191127057,2113.3,,
T,49.189826691,20.193764198,2072.0,,
T,49.190270843,20.196836478,1994.0,,
T,49.191434267,20.200909322,2045.2,,
T,49.193128010,20.205528477,2223.6,,
T,49.194927667,20.209174600,2400.3,,
T,49.196550705,20.211561390,2490.9,,
T,49.198075834,20.212183887,2291.6,,
T,49.198977440,20.212174495,2170.4,,
T,49.199567669,20.211949846,2123.3,,
T,49.199946946,20.210868096,2199.9,,
T,49.199847205,20.207620125,2415.0,,
T,49.199563553,20.202112699,2361.3,,
T,49.198957848,20.195299393,2207.5,,
T,49.198964725,20.194396002,2197.8,,
T,49.197794222,20.188211145,2221.9,,
T,49.196241147,20.184607636,2465.3,,
T,49.195083605,20.183559761,2538.0,,
T,49.194109738,20.183411774,2386.7,,
T,49.193700433,20.184167818,2276.8,,
T,49.193408876,20.187256337,2313.4,,
T,49.193623797,20.192464335,2072.5,,
T,49.194492889,20.199846240,2092.8,,
T,49.195184543,20.203711288,2189.9,,
T,49.196028219,20.204205561,2240.0,,
T,49.197163466,20.201593371,2293.8,,
T,49.198944124,20.196212160,2227.9,,
T,49.200117099,20.189322154,2221.9,,
T,49.199980148,20.184588250,2460.1,,
T,49.199544230,20.183068715,2548.8,,
T,49.199532695,20.183322601,2551.0,,
T,49.199229343,20.187369603,2249.2,,
T,49.199685825,20.192858395,2228.5,,
T,49.200713957,20.197282126,2470.5,,
T,49.199251633,20.194184789,2208.7,,
T,49.196381790,20.190969129,2118.2,,
T,49.192993263,20.189805330,2237.8,,
T,49.189678773,20.189364378,2082.6,,
T,49.187196305,20.191665432,2119.5,,
T,49.186756444,20.195471791,2154.8,,
T,49.187921678,20.198577316,1905.7,,
T,49.191724118,20.201593625,2057.4,,
T,49.192450550,20.202283977,2056.1,,
T,49.197286173,20.203612233,2351.2,,
T,49.201582011,20.203068047,2173.7,,
T,49.203847401,20.201135910,2224.7,,
T,49.204641473,20.198785519,2362.7,,
T,49.205040241,20.194894244,2166.7,,
T,49.203530692,20.191660076,2258.7,,
T,49.201377638,20.188974745,2266.1,,
T,49.198069827,20.187146371,2267.9,,
T,49.193697096,20.186600729,2310.4,,
T,49.189673128,20.186804098,2154.6,,
T,49.186767425,20.189615200,2293.6,,
T,49.185893136,20.193796180,2267.5,,
T,49.186890653,20.199264661,1930.0,,
T,49.190110902,20.206725768,1989.1,,
T,49.194216948,20.211578941,2374.0,,
T,49.198631282,20.213752713,2308.9,,
T,49.201245411,20.213719413,2012.8,,
T,49.202320792,20.212808337,1942.6,,
T,49.202256137,20.210588892,2043.5,,
T,49.200495450,20.205130404,2259.8,,
T,49.197617563,20.198905189,2262.6,,
T,49.194222137,20.194648582,2018.1,,
T,49.190993685,20.193126251,2058.8,,
T,49.188950179,20.194618333,2011.8,,
T,49.188656719,20.198581731,1932.8,,
T,49.189970959,20.204235975,1982.9,,
T,49.192974163,20.209527047,2235.5,,
T,49.196966201,20.212895566,2460.7,,
T,49.200334807,20.213277933,2049.5,,
T,49.201771809,20.211055963,2089.4,,
T,49.202203286,20.205037002,2109.8,,
T,49.201215891,20.194528733,2332.2,,
T,49.200962646,20.192695827,2277.8,,
T,49.198054708,20.183244605,2563.4,,
T,49.194588716,20.177895122,2288.5,,
T,49.190853295,20.176931210,2138.5,,
T,49.187351854,20.181653709,2182.7,,
T,49.186914151,20.182502728,2161.3,,
T,49.185179382,20.193452352,2373.5,,
T,49.185549407,20.202071053,1765.8,,
T,49.188355989,20.207770448,1809.0,,
T,49.192404363,20.210396753,2176.9,,
T,49.197129357,20.210018510,2402.4,,
T,49.201123337,20.205087684,2189.5,,
T,49.203051599,20.198563368,2296.5,,
T,49.203242347,20.189891415,2289.2,,
T,49.201350895,20.181978983,2348.0,,
T,49.201111164,20.180966264,2258.5,,
T,49.196683342,20.174709369,2124.6,,
T,49.190872414,20.172706522,2048.3,,
T,49.185454604,20.176550234,2075.4,,
T,49.182192103,20.187524437,1919.7,,
T,49.182007459,20.203234554,1846.8,,
T,49.185853393,20.215924496,2089.0,,
T,49.190811780,20.219513546,2127.4,,
T,49.195929423,20.218635995,2083.3,,
T,49.199570418,20.213733413,2167.7,,
T,49.201144648,20.203735263,2188.6,,
T,49.200695566,20.190436009,2234.4,,
T,49.197372429,20.182041624,2530.1,,
T,49.192582706,20.177519694,2209.7,,
T,49.186626925,20.177097798,2123.3,,
T,49.185894913,20.177505675,2106.9,,
T,49.179825006,20.182714134,1902.4,,
T,49.179057296,20.183723985,1814.7,,
T,49.176420772,20.193899175,1579.6,,
T,49.176272043,20.195275575,1591.1,,
T,49.176654675,20.206579851,1765.8,,
T,49.176809619,20.207494870,1773.4,,
T,49.180593349,20.213357575,1621.5,,
T,49.185850993,20.214802430,2025.0,,
T,49.186583732,20.214803891,2033.7,,
T,49.191535185,20.211721239,2190.8,,
T,49.192259660,20.210616740,2198.3,,
T,49.195632424,20.201471748,2152.0,,
T,49.196374941,20.190322929,2149.9,,
T,49.196366573,20.189682628,2171.2,,
T,49.194722464,20.178614616,2332.2,,
T,49.190293704,20.171712873,1995.1,,
T,49.184308747,20.170322624,2218.0,,
T,49.177757051,20.172041976,1835.6,,
T,49.172517354,20.181278714,1987.3,,
T,49.170894299,20.193424273,1788.5,,
T,49.170873281,20.194530016,1764.6,,
T,49.170844541,20.195627542,1735.7,,
T,49.173029045,20.208013010,1439.7,,
T,49.173339988,20.208480929,1467.1,,
T,49.178341957,20.212659114,1581.5,,
T,49.184639606,20.210658341,1727.2,,
T,49.189387574,20.203089612,1929.5,,
T,49.191716531,20.191838699,2081.3,,
T,49.192277320,20.180065267,2282.0,,
T,49.190889523,20.170477645,1945.1,,
T,49.187509682,20.168691273,2381.4,,
T,49.182960569,20.168977344,1980.2,,
T,49.178768319,20.176475671,1802.8,,
T,49.178619596,20.177382046,1808.4,,
T,49.177654480,20.191479631,1658.8,,
T,49.178954212,20.202183016,1966.2,,
T,49.179258422,20.203104809,2001.1,,
T,49.183590135,20.206975734,1621.2,,
T,49.184186876,20.207435749,1632.7,,
T,49.190840861,20.205176063,2037.1,,
T,49.195810742,20.197391663,2088.7,,
T,49.195956481,20.196500426,2088.1,,
T,49.197392856,20.184157972,2434.0,,
T,49.197354409,20.182760341,2577.4,,
T,49.196266477,20.171263146,2100.4,,
T,49.196128886,20.170341165,2098.8,,
T,49.190462199,20.164259517,1892.7,,
T,49.182970775,20.164571345,2028.3,,
T,49.175885231,20.171550029,1963.4,,
T,49.173188672,20.181797347,1906.8,,
T,49.173185585,20.182695469,1908.0,,
T,49.173885654,20.191614277,1598.4,,
T,49.178286941,20.197500561,1808.7,,
T,49.183539127,20.198503155,2081.3,,
T,49.183973761,20.198484310,2078.3,,
T,49.187923137,20.194876217,2018.8,,
T,49.189095679,20.189353893,2094.3,,
T,49.188076794,20.183076308,2220.9,,
T,49.183990554,20.179678927,2087.3,,
T,49.178771025,20.179899728,1816.8,,
T,49.178466363,20.180316489,1800.7,,
T,49.174488263,20.190249985,1592.1,,
T,49.174483058,20.190697479,1588.1,,
T,49.175036913,20.202322709,1543.5,,
T,49.175203923,20.203261534,1551.2,,
T,49.178669144,20.210164792,1641.9,,
T,49.183302491,20.212021686,1712.9,,
T,49.187319218,20.209097408,1766.1,,
T,49.190706847,20.199092732,2011.3,,
T,49.190986485,20.185880010,2146.2,,
T,49.188083452,20.176185681,2281.5,,
T,49.183702868,20.172498932,2128.1,,
T,49.178322401,20.173962455,1800.0,,
T,49.174153366,20.183209175,1752.4,,
T,49.173849889,20.184327717,1764.2,,
T,49.172205224,20.196597283,1542.1,,
T,49.173794600,20.205033433,1466.3,,
T,49.174417468,20.205744293,1520.9,,
T,49.180161737,20.208571333,1630.0,,
T,49.186429162,20.205869907,1663.8,,
T,49.190269419,20.198182767,2023.6,,
T,49.191711790,20.186120283,2189.2,,
T,49.191016713,20.172954286,2065.0,,
T,49.187366409,20.168068120,2397.9,,
T,49.182813447,20.166719845,1979.0,,
T,49.179075897,20.172443844,1808.6,,
T,49.179072870,20.172882303,1802.8,,
T,49.178443259,20.184095581,1740.1,,
T,49.179826626,20.192229246,1896.6,,
T,49.180287605,20.192974828,1986.4,,
T,49.184007594,20.195994906,2280.6,,
T,49.188069808,20.193991376,2030.1,,
T,49.190260893,20.188275439,2115.8,,
T,49.190553215,20.187385482,2130.5,,
T,49.190859278,20.175097012,2111.4,,
T,49.190860211,20.174630230,2109.5,,
T,49.190867706,20.173431532,2077.9,,
T,49.188384715,20.161635641,2262.7,,
T,49.184606947,20.155982779,2152.4,,
T,49.184018285,20.155877337,2105.0,,
T,49.179606948,20.155597578,2024.6,,
T,49.176342697,20.163721242,1954.2,,
T,49.175547337,20.175233279,1881.1,,
T,49.177528969,20.183555671,1689.0,,
T,49.182042773,20.187285535,1907.9,,
T,49.185745611,20.187186567,2113.0,,
T,49.187787887,20.182149060,2197.0,,
T,49.187939006,20.175940588,2220.4,,
T,49.185764801,20.170850916,2228.4,,
T,49.182808056,20.168709995,1969.0,,
T,49.180296300,20.169505673,1929.2,,
T,49.179372638,20.172449889,1818.8,,
T,49.180413896,20.176122310,1833.5,,
T,49.184139364,20.178132420,2093.2,,
T,49.189093155,20.177630572,2271.2,,
T,49.189535819,20.176605413,2197.6,,
T,49.189832892,20.176278734,2159.4,,
T,49.190142266,20.172676850,2024.3,,
T,49.188672828,20.168126027,2168.0,,
T,49.188233757,20.167685940,2246.6,,
T,49.184443527,20.162664370,2071.4,,
T,49.179145194,20.161304229,1979.4,,
T,49.172740848,20.165325236,2071.0,,
T,49.168964379,20.174344402,2107.1,,
T,49.168717264,20.175339596,2153.6,,
T,49.168330119,20.183682498,2230.3,,
T,49.170702706,20.187257229,1926.5,,
T,49.174954764,20.187546792,1624.3,,
T,49.178120018,20.185598280,1673.8,,
T,49.179825762,20.182268849,1899.8,,
T,49.179965997,20.177460201,1832.0,,
T,49.178465882,20.175307925,1779.4,,
T,49.175841003,20.174774940,1876.4,,
T,49.171790669,20.177920162,1992.1,,
T,49.169679326,20.185726003,2108.7,,
T,49.169243252,20.186847176,2088.7,,
T,49.168332575,20.195354410,1903.8,,
T,49.168308783,20.196229972,1849.4,,
T,49.169284138,20.201014086,1685.2,,
T,49.172579342,20.202024255,1435.7,,
T,49.175656742,20.199829468,1571.6,,
T,49.176424684,20.195282360,1598.9,,
T,49.175233977,20.189792110,1583.2,,
T,49.171979972,20.186712644,1857.8,,
T,49.168024261,20.186548755,2212.7,,
T,49.167732564,20.186769030,2234.7,,
T,49.164293087,20.190375930,2268.9,,
T,49.164144614,20.191036565,2264.4,,
T,49.161767534,20.199215839,1968.3,,
T,49.161300149,20.207407495,1700.1,,
T,49.163190206,20.212407598,1677.1,,
T,49.167024770,20.213290495,1460.9,,
T,49.170276548,20.210057091,1374.4,,
T,49.171383756,20.202258889,1452.8,,
T,49.171723915,20.192195946,1718.6,,
T,49.169813438,20.185928731,2085.1,,
T,49.167657259,20.184437108,2290.3,,
T,49.165743477,20.186149184,2404.9,,
T,49.165057845,20.189317369,2300.2,,
T,49.165339593,20.193361700,2132.6,,
T,49.167404168,20.198467003,1890.0,,
T,49.170495929,20.202270659,1474.6,,
T,49.172724757,20.202710844,1429.3,,
T,49.173489073,20.201112944,1451.9,,
T,49.172937150,20.196574554,1527.6,,
T,49.170635284,20.192345490,1798.7,,
T,49.168514828,20.190872866,2120.7,,
T,49.167184180,20.192412682,2083.5,,
T,49.167193523,20.196745515,1957.9,,
T,49.168975309,20.201917733,1635.3,,
T,49.173020153,20.206624488,1428.2,,
T,49.175870621,20.208813339,1679.0,,
T,49.176497087,20.208159600,1732.9,,
T,49.173335407,20.204564238,1447.8,,
T,49.169496429,20.203458246,1551.4,,
T,49.166822209,20.204704601,1726.7,,
T,49.166317251,20.209226659,1663.8,,
T,49.167982031,20.214197328,1357.9,,
T,49.171954843,20.217212467,1435.5,,
T,49.176357087,20.217685847,1520.7,,
T,49.179086944,20.215406172,1588.8,,
T,49.180439358,20.212439223,1590.6,,
T,49.180472072,20.207448177,1668.7,,
T,49.178795200,20.201710019,1953.7,,
T,49.175963993,20.198696432,1585.6,,
T,49.173205114,20.198830498,1473.1,,
T,49.172427166,20.202252539,1434.5,,
T,49.173029045,20.208013010,1439.7,,
T,49.175699668,20.213127706,1702.5,,
T,49.179717092,20.217012129,1663.9,,
T,49.182460877,20.218151334,1969.7,,
T,49.183203432,20.217703909,1985.2,,
T,49.182893994,20.215226526,1938.1,,
T,49.179688768,20.211518489,1580.0,,
T,49.178952055,20.210838405,1608.7,,
T,49.178229966,20.210626459,1649.9,,
T,49.177801225,20.210638431,1670.9,,
T,49.174793053,20.210382347,1669.7,,
T,49.173409263,20.213789397,1603.4,,
T,49.173628874,20.218826708,1464.2,,
T,49.176138983,20.222692871,1692.5,,
T,49.179801019,20.223319083,1971.7,,
T,49.181880609,20.222184868,2037.7,,
T,49.182612877,20.219722165,2013.5,,
T,49.182287059,20.214762775,1834.3,,
T,49.180451302,20.209017913,1607.8,,
T,49.180017428,20.208348413,1641.1,,
T,49.177124003,20.207060276,1816.9,,
T,49.174129168,20.208967655,1531.9,,
T,49.173850134,20.214703512,1594.0,,
T,49.173803799,20.216759674,1497.5,,
T,49.173786983,20.217677707,1477.2,,
T,49.174083604,20.218368488,1474.6,,
T,49.174235979,20.218828288,1473.8,,
T,49.177535111,20.224477190,1822.0,,
T,49.182570450,20.227417546,1860.7,,
T,49.187589742,20.229049832,1796.9,,
T,49.190550377,20.228825099,1797.2,,
T,49.191577530,20.224274277,1890.3,,
T,49.190224406,20.217724160,2159.2,,
T,49.186583732,20.214803891,2033.7,,
T,49.183647085,20.216135229,2050.8,,
T,49.182912536,20.220615909,2044.9,,
T,49.183626009,20.225124898,1968.1,,
T,49.186112587,20.227220343,1814.0,,
T,49.188776075,20.227459981,1801.8,,
T,49.190992029,20.227455181,1822.7,,
T,49.192314106,20.224501315,1894.2,,
T,49.192688177,20.217508983,2206.7,,
T,49.192670330,20.216623209,2298.1,,
T,49.191550429,20.207024120,2154.6,,
T,49.191127177,20.206089572,2058.3,,
T,49.190549834,20.205392283,2023.5,,
T,49.190259783,20.205154286,2009.1,,
T,49.188943594,20.206676616,1892.0,,
T,49.188340591,20.213463626,2064.0,,
T,49.188774143,20.224940531,1878.7,,
T,49.189072215,20.226093355,1825.9,,
T,49.191601455,20.237336411,1666.4,,
T,49.193671219,20.237979113,1707.9,,
T,49.194948100,20.233971500,1909.6,,
T,49.195184807,20.225112039,2130.7,,
T,49.195198805,20.224229276,2067.3,,
T,49.194046340,20.213790900,2494.9,,
T,49.191822951,20.211726216,2188.9,,
T,49.189499663,20.213712907,2188.4,,
T,49.187891200,20.222666303,1955.4,,
T,49.187882820,20.231554953,1768.0,,
T,49.190114540,20.237353432,1634.6,,
T,49.193686422,20.239632276,1654.9,,
T,49.196765296,20.238157336,1781.5,,
T,49.197197530,20.237452090,1810.9,,
T,49.197471436,20.236276150,1862.5,,
T,49.197861456,20.226380783,2327.9,,
T,49.196958003,20.215320410,2392.2,,
T,49.195043562,20.212047245,2535.4,,
T,49.194327406,20.213357557,2546.0,,
T,49.194427784,20.217291947,2225.7,,
T,49.195803340,20.221105127,2006.4,,
T,49.197048262,20.222195218,2210.1,,
T,49.198560733,20.222385602,2393.5,,
T,49.198688888,20.221496463,2377.9,,
T,49.198388944,20.216427694,2454.7,,
T,49.197689054,20.213777489,2426.2,,
T,49.197494842,20.214891331,2455.1,,
T,49.198673852,20.220609704,2474.4,,
T,49.201211899,20.229192316,2004.6,,
T,49.201525326,20.230109643,1980.2,,
T,49.203300806,20.234178765,1980.7,,
T,49.204483423,20.233964350,1988.4,,
T,49.204489360,20.233519469,1968.8,,
T,49.204166630,20.226522484,1993.3,,
T,49.203993053,20.225610615,2048.5,,
T,49.203513904,20.211004807,1918.0,,
T,49.202652851,20.199402239,2255.3,,
T,49.202622175,20.198778011,2290.2,,
T,49.203765030,20.203295121,2173.1,,
T,49.203928180,20.203947594,2130.2,,
T,49.206260222,20.217318250,1628.5,,
T,49.206420348,20.218461001,1617.0,,
T,49.207849434,20.231463051,1666.0,,
T,49.207941046,20.234156676,1720.6,,
T,49.207477979,20.224414150,1576.7,,
T,49.207322827,20.223954361,1582.3,,
T,49.207332302,20.221211116,1591.7,,
T,49.207335391,20.220982762,1590.2,,
T,49.207351264,20.219609543,1569.6,,
T,49.207344939,20.217778720,1577.0,,
T,49.207324375,20.214806231,1606.5,,
T,49.206767719,20.200457981,2260.6,,
T,49.206774509,20.199343703,2223.1,,
T,49.207029772,20.196116385,2102.9,,
T,49.207662983,20.198439600,2194.9,,
T,49.207933863,20.199567726,2247.8,,
T,49.210151129,20.212565994,1735.8,,
T,49.210193061,20.213238612,1708.5,,
T,49.210270972,20.214592401,1616.7,,
T,49.211131369,20.224674840,1530.4,,
T,49.211081620,20.219392521,1590.0,,
T,49.210350656,20.200499948,2301.8,,
T,49.210283870,20.199004324,2380.1,,
T,49.212209782,20.180876663,1680.9,,
T,49.212562808,20.179428368,1627.1,,
T,49.213649397,20.185628998,1975.8,,
T,49.214603542,20.193206472,1893.4,,
T,49.214674177,20.194725639,1864.0,,
T,49.215704140,20.213974205,1947.2,,
T,49.215916324,20.221888989,1756.8,,
T,49.215527956,20.219837957,1839.8,,
T,49.215314712,20.218929605,1905.7,,
T,49.214768513,20.206565075,1980.7,,
T,49.214702641,20.205472039,2014.9,,
T,49.214549329,20.198758040,2070.6,,
T,49.215487273,20.206124208,1983.1,,
T,49.215552913,20.207672420,1945.7,,
T,49.216300931,20.224635781,1711.3,,
T,49.216345689,20.225787229,1675.9,,
T,49.215976681,20.239198678,1457.6,,
T,49.215414238,20.241302209,1430.9,,
T,49.215052424,20.235036939,1505.0,,
T,49.215042647,20.233881224,1511.8,,
T,49.215032850,20.232726462,1519.8,,
T,49.215026718,20.231115083,1522.8,,
T,49.215016736,20.229732669,1540.6,,
T,49.215999818,20.212623545,1947.0,,
T,49.216319967,20.211043353,1931.2,,
T,49.219818408,20.189631062,1567.6,,
T,49.219950944,20.188502745,1580.3,,
T,49.220079436,20.187378489,1593.4,,
T,49.221462839,20.181625107,1577.7,,
T,49.222291068,20.184067460,1506.8,,
T,49.222443727,20.185212904,1519.9,,
T,49.222425986,20.186146603,1536.7,,
T,49.222002839,20.197405617,1807.3,,
T,49.221902060,20.198820982,1851.0,,
T,49.220937741,20.207971113,2063.8,,
T,49.220922350,20.208870239,2094.3,,
T,49.220751063,20.209546912,2130.1,,
T,49.220504082,20.210654218,2077.8,,
T,49.220095385,20.211318027,2046.7,,
T,49.218776026,20.209747249,2087.4,,
T,49.217407806,20.208819415,1991.3,,
T,49.215904556,20.210585015,1905.1,,
T,49.215895392,20.211713985,1919.7,,
T,49.215882132,20.212167308,1926.9,,
T,49.215882914,20.219155894,1922.3,,
T,49.216097353,20.220064129,1871.8,,
T,49.216141684,20.220747162,1833.5,,
T,49.216443295,20.221428119,1814.6,,
T,49.217384807,20.227614744,1681.5,,
T,49.217682262,20.227843352,1687.4,,
T,49.217673951,20.227612584,1694.1,,
T,49.217029442,20.221882053,1835.1,,
T,49.216832628,20.220744235,1877.1,,
T,49.215610250,20.212162162,1908.7,,
T,49.215477196,20.211482134,1887.3,,
T,49.213859393,20.207921034,1971.3,,
T,49.215334458,20.211706320,1884.1,,
T,49.217745113,20.216682612,1951.3,,
T,49.220160276,20.219629296,1812.5,,
T,49.222127810,20.220557352,1673.7,,
T,49.222912180,20.217825039,1744.6,,
T,49.222892361,20.217143875,1749.1,,
T,49.222882690,20.216009286,1767.3,,
T,49.222873038,20.214875446,1786.9,,
T,49.222802751,20.213750252,1814.1,,
T,49.222715067,20.212629549,1864.5,,
T,49.222565219,20.211077004,1977.5,,
T,49.222214580,20.198359753,1847.8,,
T,49.220566696,20.188488115,1565.4,,
T,49.217847789,20.185620028,1777.2,,
T,49.215456125,20.188059729,1903.6,,
T,49.215118621,20.189228528,1919.3,,
T,49.214806971,20.190369447,1947.4,,
T,49.214897263,20.191406318,1930.3,,
T,49.214932229,20.192952021,1879.3,,
T,49.214940375,20.193170657,1877.7,,
T,49.215431229,20.203235900,2032.5,,
T,49.217951411,20.210628362,2028.3,,
T,49.220906925,20.214434473,1909.8,,
T,49.220064113,20.210876612,2069.0,,
T,49.218172875,20.201542924,1860.7,,
T,49.217729593,20.200637736,1854.4,,
T,49.213818142,20.188465382,2096.9,,
T,49.210656529,20.182336904,1761.4,,
T,49.207970994,20.184196608,2048.0,,
T,49.208178756,20.190152804,2000.3,,
T,49.211167278,20.199214088,2348.8,,
T,49.215401734,20.204593085,2060.4,,
T,49.218550658,20.207087316,2126.8,,
T,49.219161810,20.205961931,2128.2,,
T,49.219197434,20.205501558,2098.4,,
T,49.218705353,20.196866278,1780.3,,
T,49.214823732,20.185183775,1987.4,,
T,49.214453020,20.183970622,1931.8,,
T,49.210112663,20.177217656,1538.5,,
T,49.209812548,20.176988568,1542.3,,
T,49.205208245,20.175544097,1853.2,,
T,49.202928829,20.176557297,2184.0,,
T,49.203033344,20.177995349,2224.8,,
T,49.206691885,20.182339327,1992.0,,
T,49.211451915,20.188760619,1937.0,,
T,49.214442025,20.190215246,2014.5,,
T,49.214771264,20.189282096,1981.0,,
T,49.213234844,20.183149126,1816.4,,
T,49.212840759,20.182399588,1768.9,,
T,49.209372006,20.176055973,1548.1,,
T,49.204343187,20.174962271,1979.5,,
T,49.200645242,20.177079069,2093.6,,
T,49.199384268,20.183337030,2567.9,,
T,49.201815116,20.190295508,2270.1,,
T,49.202229651,20.191215683,2316.3,,
T,49.206310735,20.195657819,2101.9,,
T,49.209053302,20.196141132,2150.7,,
T,49.209428849,20.189159912,1917.7,,
T,49.209454507,20.188000167,1892.6,,
T,49.206979540,20.172953907,1754.8,,
T,49.202400001,20.163767670,1679.9,,
T,49.201644036,20.163130812,1695.2,,
T,49.200570642,20.162579324,1770.7,,
T,49.199839249,20.162081028,1766.1,,
T,49.199239181,20.162108692,1771.9,,
T,49.198489994,20.162143251,1776.0,,
T,49.197597702,20.162153039,1770.9,,
T,49.197008760,20.162133359,1765.1,,
T,49.193552476,20.166996480,1909.2,,
T,49.194535614,20.172913470,2026.9,,
T,49.199219866,20.179221180,2359.2,,
T,49.200136693,20.179518487,2223.9,,
T,49.200717449,20.179964798,2203.3,,
T,49.200860288,20.180194291,2211.0,,
T,49.206107899,20.181151039,1851.2,,
T,49.206560049,20.180460346,1823.1,,
T,49.206467671,20.179891078,1779.5,,
T,49.202774010,20.177026010,2203.2,,
T,49.202515737,20.176268867,2135.8,,
T,49.202234789,20.176238555,2103.0,,
T,49.198993551,20.175015905,2195.5,,
T,49.198835514,20.175062681,2225.6,,
T,49.198196919,20.176829989,2300.6,,
T,49.200142375,20.179279686,2214.9,,
T,49.204165306,20.181513325,2122.9,,
T,49.206438979,20.182039909,1962.8,,
T,49.206957783,20.179581450,1763.1,,
T,49.204774542,20.172524499,2078.5,,
T,49.204471014,20.172329000,2106.7,,
T,49.204066833,20.170667402,2039.0,,
T,49.203662973,20.169889976,2002.5,,
T,49.203124921,20.168837932,1930.8,,
T,49.202988202,20.168579122,1908.6,,
T,49.199001259,20.165454837,1940.8,,
T,49.198259043,20.165258842,1929.8,,
T,49.195322624,20.165873395,1916.0,,
T,49.194856320,20.167606627,1973.6,,
T,49.197133136,20.169987437,2147.7,,
T,49.197414266,20.170484271,2180.2,,
T,49.201838076,20.175226700,2028.2,,
T,49.202389393,20.175769065,2107.1,,
T,49.202382535,20.176010990,2113.4,,
T,49.204941509,20.177504659,1976.2,,
T,49.203228161,20.176981121,2184.2,,
T,49.199646552,20.173873905,2019.2,,
T,49.199013571,20.173830989,2141.6,,
T,49.198115873,20.173260483,2221.0,,
T,49.197396055,20.172785520,2201.3,,
T,49.196974348,20.172493831,2167.6,,
T,49.193535622,20.169374873,1956.4,,
T,49.193100008,20.168880074,1944.8,,
T,49.195843597,20.170301068,2076.4,,
T,49.201012350,20.173940854,1969.1,,
T,49.204928201,20.176183738,1946.1,,
T,49.206059330,20.176419721,1732.9,,
T,49.203290461,20.173025014,2152.3,,
T,49.202601205,20.172230508,2029.6,,
T,49.202059842,20.171192858,1954.0,,
T,49.201503434,20.170408986,1903.0,,
T,49.196796950,20.165201949,1904.6,,
T,49.189843476,20.159213289,2213.3,,
T,49.189403633,20.158688381,2259.5,,
T,49.182109418,20.154600113,2064.7,,
T,49.179589628,20.159528445,1991.9,,
T,49.179146689,20.166282314,2020.9,,
T,49.182074357,20.175724134,2007.6,,
T,49.182221587,20.176180703,2002.5,,
T,49.189082331,20.184829002,2337.2,,
T,49.195301327,20.188080445,2308.2,,
T,49.196043792,20.188016002,2230.2,,
T,49.196776509,20.187991752,2233.8,,
T,49.197501151,20.187997010,2231.1,,
T,49.198080280,20.188001727,2232.4,,
T,49.199643607,20.186537325,2284.9,,
T,49.199406400,20.184584885,2405.1,,
T,49.196304057,20.178870845,2380.5,,
T,49.195894181,20.177880934,2324.0,,
T,49.195179512,20.177392067,2287.2,,
T,49.194608114,20.176683348,2229.8,,
T,49.193747292,20.176180431,2232.4,,
T,49.193179438,20.175420709,2177.2,,
T,49.192748922,20.175149856,2145.0,,
T,49.185320161,20.171773267,2143.0,,
T,49.185174805,20.171771558,2144.4,,
T,49.177909649,20.171386300,1850.9,,
T,49.177183293,20.171889928,1878.3,,
T,49.174200180,20.177211358,1834.1,,
T,49.175286325,20.183974716,1673.7,,
T,49.181169758,20.192302209,2032.6,,
T,49.188510676,20.196589272,1960.9,,
T,49.189390603,20.196606283,2001.5,,
T,49.190123900,20.196614663,1994.0,,
T,49.190856880,20.196621866,2010.5,,
T,49.194659372,20.194656660,2030.7,,
T,49.196475013,20.187584774,2247.6,,
T,49.196426280,20.185772103,2364.2,,
T,49.196543108,20.184773171,2435.7,,
T,49.196502104,20.183615466,2509.0,,
T,49.196494575,20.183205063,2545.7,,
T,49.196511748,20.182050450,2568.2,,
T,49.196550607,20.180366688,2453.8,,
T,49.196566858,20.179860582,2424.9,,
T,49.194697443,20.170364250,1993.0,,
T,49.190309487,20.165904061,1921.6,,
T,49.183552585,20.165428193,1994.6,,
T,49.182964360,20.165633995,1993.7,,
T,49.182523564,20.165625180,2003.0,,
T,49.175588447,20.170863244,1947.0,,
T,49.171976862,20.180713888,2062.3,,
T,49.171329590,20.190913333,1801.6,,
T,49.171585455,20.192211985,1737.3,,
T,49.171579474,20.192658217,1713.6,,
T,49.176120954,20.200083491,1616.8,,
T,49.176912947,20.200843129,1698.1,,
T,49.177701408,20.201375519,1790.1,,
T,49.183318836,20.203402118,1738.5,,
T,49.184352952,20.203379607,1700.5,,
T,49.185095642,20.203382734,1700.5,,
T,49.185841815,20.202948510,1740.0,,
T,49.186584917,20.202736203,1757.9,,
T,49.187179134,20.202303494,1778.2,,
T,49.189975869,20.198626251,2015.3,,
T,49.190846527,20.193131925,2065.0,,
T,49.190112226,20.186335489,2136.7,,
T,49.189814256,20.185547995,2213.8,,
T,49.189518002,20.184993329,2321.1,,
T,49.189082374,20.184155092,2342.5,,
T,49.185017173,20.177932899,2098.4,,
T,49.184430855,20.177443262,2085.4,,
T,49.177867147,20.175506194,1768.7,,
T,49.177127333,20.175738363,1770.3,,
T,49.176978205,20.175962267,1770.2,,
T,49.171840185,20.180961424,2074.2,,
T,49.169314009,20.189190527,1961.9,,
T,49.168754515,20.199934325,1718.4,,
T,49.169013941,20.200810489,1724.0,,
T,49.171786863,20.209831730,1394.0,,
T,49.177283516,20.214254096,1564.1,,
T,49.181799838,20.212913809,1660.8,,
T,49.184037197,20.207892203,1636.0,,
T,49.184187350,20.206749256,1625.7,,
T,49.184189745,20.206069079,1627.5,,
T,49.183261414,20.197670802,2128.3,,
T,49.179199355,20.190520082,1891.5,,
T,49.178580967,20.189983035,1790.2,,
T,49.178425716,20.189734056,1745.1,,
T,49.177505059,20.188964163,1661.7,,
T,49.176745466,20.188465596,1627.0,,
T,49.170320413,20.186910800,1997.0,,
T,49.169649936,20.187018406,2092.7,,
T,49.164748177,20.189516053,2283.9,,
T,49.160958516,20.193656458,2017.5,,
T,49.160294724,20.194486311,1955.1,,
T,49.159948626,20.195343176,1916.2,,
T,49.158495495,20.202177605,1721.2,,
T,49.161195581,20.210792063,1622.1,,
T,49.166878906,20.217658122,1309.3,,
T,49.172245416,20.218595136,1417.6,,
T,49.173017170,20.218136018,1446.4,,
T,49.173332245,20.217675961,1467.8,,
T,49.174966604,20.212902296,1720.1,,
T,49.174418455,20.205974690,1522.1,,
T,49.173796055,20.204344275,1464.9,,
T,49.173642797,20.203419893,1458.2,,
T,49.173180174,20.202484883,1436.6,,
T,49.170322343,20.195718447,1768.5,,
T,49.169936950,20.195112620,1816.4,,
T,49.166646680,20.189317215,2290.4,,
T,49.166250149,20.188702474,2334.1,,
T,49.165219785,20.188896453,2311.6,,
T,49.164807663,20.192746981,2169.7,,
T,49.164739583,20.194235231,2094.2,,
T,49.164714983,20.194880591,2073.2,,
T,49.165070660,20.195919330,2000.3,,
T,49.167242903,20.204462664,1694.4,,
T,49.171477948,20.210288998,1389.0,,
T,49.172254730,20.210763196,1416.9,,
T,49.173046393,20.211013465,1478.5,,
T,49.173526699,20.211258742,1543.7,,
T,49.177479778,20.211761569,1651.1,,
T,49.179127047,20.209035248,1660.2,,
T,49.179137009,20.208589777,1674.9,,
T,49.178343886,20.205075901,1914.8,,
T,49.177880379,20.204594473,1840.2,,
T,49.174413690,20.203213063,1495.3,,
T,49.173640930,20.202727140,1458.3,,
T,49.173180443,20.202716139,1439.0,,
T,49.170765602,20.204546732,1437.0,,
T,49.170768196,20.205240052,1434.5,,
T,49.172249406,20.208916093,1402.1,,
T,49.172557919,20.209612270,1422.6,,
T,49.177574064,20.214709975,1542.5,,
T,49.178326862,20.214943199,1556.2,,
T,49.178630101,20.214945265,1559.4,,
T,49.184093183,20.217035044,2090.8,,
T,49.184389337,20.217036582,2125.4,,
T,49.187166944,20.215927533,2088.9,,
T,49.187167251,20.215252708,2028.2,,
T,49.187317973,20.210715170,1869.0,,
T,49.187318488,20.209790938,1806.8,,
T,49.187170423,20.209555985,1782.0,,
T,49.185234594,20.205849069,1636.6,,
T,49.184936949,20.205620786,1637.4,,
T,49.183005139,20.205404320,1665.7,,
T,49.182845731,20.206749461,1623.0,,
T,49.184345193,20.211117410,1730.1,,
T,49.184800497,20.212050288,1870.8,,
T,49.185397824,20.212746162,1917.8,,
T,49.185549437,20.213434402,1971.2,,
T,49.188333037,20.216157247,2149.0,,
T,49.190802404,20.217058300,2175.9,,
T,49.192652101,20.215082218,2341.4,,
T,49.192976448,20.207752722,2238.5,,
T,49.192977509,20.207086852,2214.8,,
T,49.192979226,20.206640556,2225.2,,
T,49.192989069,20.205292835,2209.5,,
T,49.192025207,20.198435293,2012.9,,
T,49.190124373,20.197503022,2008.8,,
T,49.189684682,20.197493583,1988.9,,
T,49.187181716,20.200989713,1840.5,,
T,49.185684549,20.210213204,1741.6,,
T,49.185689201,20.211374998,1793.8,,
T,49.185693480,20.212069102,1857.1,,
T,49.185696827,20.213435519,1952.4,,
T,49.185699809,20.213891336,1987.7,,
T,49.186875194,20.217045694,2187.4,,
T,49.189204180,20.217053087,2174.1,,
T,49.189785131,20.216610251,2194.2,,
T,49.190220483,20.216389583,2210.2,,
T,49.190509046,20.216168900,2222.9,,
T,49.193114741,20.209754973,2240.0,,
T,49.193478093,20.200266506,2046.0,,
T,49.193338784,20.199128195,2033.7,,
T,49.193196759,20.198220193,2022.3,,
T,49.190112924,20.192722034,2127.3,,
T,49.186905179,20.192126438,2125.6,,
T,49.186469563,20.192603238,2175.0,,
T,49.186038569,20.192898528,2257.9,,
T,49.185019148,20.196200600,2292.2,,
T,49.186450858,20.199719077,1906.5,,
T,49.190264410,20.203568542,1983.4,,
T,49.193425226,20.204847491,2224.9,,
T,49.193864841,20.204398262,2229.0,,
T,49.194921236,20.200317527,2122.2,,
T,49.194924626,20.199196136,2116.6,,
T,49.193771860,20.192679322,2082.6,,
T,49.193172549,20.191411547,2089.2,,
T,49.189821617,20.186982025,2142.0,,
T,49.189377333,20.186447347,2181.9,,
T,49.185449564,20.185762824,2103.2,,
T,49.183842185,20.189132065,2074.3,,
T,49.184744987,20.193430771,2371.7,,
T,49.187774575,20.198156561,1920.6,,
T,49.191430052,20.202487687,2045.3,,
T,49.192009102,20.203181842,2065.9,,
T,49.192154596,20.203184774,2070.6,,
T,49.195755304,20.203732570,2203.1,,
T,49.196039907,20.203745810,2211.4,,
T,49.197865172,20.200965739,2357.5,,
T,49.197866149,20.200743841,2367.2,,
T,49.198092903,20.196392803,2205.6,,
T,49.197810427,20.195487540,2207.2,,
T,49.197812159,20.195261752,2202.0,,
T,49.195127187,20.187316582,2385.4,,
T,49.195116588,20.186919953,2415.6,,
T,49.190821296,20.183871211,2282.2,,
T,49.186619193,20.185864290,2159.0,,
T,49.184308076,20.193846390,2335.0,,
T,49.184078863,20.201434650,1866.5,,
T,49.184213775,20.202511517,1735.0,,
T,49.184798125,20.203380594,1692.6,,
T,49.184796391,20.203600782,1686.4,,
T,49.188356490,20.206650314,1845.6,,
T,49.191693649,20.207030932,2160.8,,
T,49.194456143,20.203935903,2205.2,,
T,49.195095680,20.196008485,2036.7,,
T,49.194393185,20.185183879,2379.3,,
T,49.194114667,20.184043780,2318.6,,
T,49.193971508,20.183382175,2347.6,,
T,49.191575613,20.177430938,2171.7,,
T,49.191287366,20.177181310,2158.7,,
T,49.187647965,20.176332295,2198.3,,
T,49.183846747,20.178799316,2101.8,,
T,49.182370650,20.181170237,2011.8,,
T,49.180240149,20.186676943,1813.6,,
T,49.179823326,20.191991937,1903.2,,
T,49.180592723,20.193466804,2046.2,,
T,49.183722563,20.194684822,2318.7,,
T,49.187046907,20.194526646,2092.5,,
T,49.190112735,20.192059337,2149.9,,
T,49.193830796,20.187751128,2362.5,,
T,49.194250600,20.187366666,2396.3,,
T,49.195644347,20.183174898,2573.1,,
T,49.194411252,20.181151312,2411.9,,
T,49.194128402,20.181121613,2395.9,,
T,49.190240521,20.180844222,2349.1,,
T,49.186914319,20.182276700,2158.9,,
T,49.184715177,20.185260511,2064.8,,
T,49.185154944,20.186409933,2083.5,,
T,49.187635403,20.188471733,2308.5,,
T,49.187780606,20.188469049,2305.5,,
T,49.188801221,20.188311510,2160.6,,
T,49.189377333,20.186447347,2181.9,,
T,49.189515726,20.182854453,2413.7,,
T,49.188224189,20.180404058,2221.1,,
T,49.186040908,20.179779213,2119.4,,
T,49.184570529,20.180976344,2039.8,,
T,49.185155385,20.181891760,2059.1,,
T,49.189083910,20.183919999,2340.3,,
T,49.189801264,20.183980827,2387.9,,
T,49.190237628,20.183935900,2361.7,,
T,49.193272940,20.183036614,2302.5,,
T,49.190812333,20.183085383,2361.1,,
T,49.187204507,20.183887752,2174.2,,
T,49.183235625,20.187841522,1979.3,,
T,49.182676808,20.193402291,2224.1,,
T,49.186179970,20.194885833,2224.5,,
T,49.189530987,20.192912151,2106.0,,
T,49.189822425,20.192040729,2137.7,,
T,49.190247702,20.184917671,2239.0,,
T,49.187645456,20.178752742,2150.0,,
T,49.183258588,20.177862590,2069.8,,
T,49.180576504,20.183237071,1933.5,,
T,49.181947367,20.196754586,2157.5,,
T,49.182239443,20.198324565,2118.6,,
T,49.182649405,20.199792223,2026.5,,
T,49.182786376,20.200206493,1951.6,,
T,49.189066441,20.213480658,2143.0,,
T,49.189786940,20.214609006,2207.9,,
T,49.196765765,20.222867271,2184.1,,
T,49.198717327,20.223939584,2328.7,,
T,49.198700194,20.222163199,2397.7,,
T,49.198417264,20.221501497,2350.5,,
T,49.198135741,20.220398133,2441.8,,
T,49.197738756,20.219297859,2389.6,,
T,49.197743992,20.218855096,2369.6,,
T,49.194100517,20.207367096,2337.8,,
T,49.193824376,20.206465916,2339.9,,
T,49.188950401,20.195937497,1989.0,,
T,49.188803718,20.195935305,1980.3,,
T,49.186754811,20.196555137,2089.7,,
T,49.188066698,20.202340455,1779.5,,
T,49.188508309,20.203258494,1792.8,,
T,49.188655329,20.203490881,1814.7,,
T,49.189386051,20.204438919,1927.4,,
T,49.195049132,20.211386903,2442.3,,
T,49.199364835,20.215085079,2245.1,,
T,49.200484075,20.213725192,2050.8,,
T,49.200487061,20.213276392,2042.7,,
T,49.199112159,20.204116083,2469.2,,
T,49.198979790,20.203004317,2465.3,,
T,49.195963293,20.194697736,2075.5,,
T,49.193931103,20.194864394,2013.7,,
T,49.193786138,20.195977337,2015.2,,
T,49.194336473,20.202323093,2108.5,,
T,49.198528241,20.212179351,2229.0,,
T,49.203164967,20.219561411,2080.0,,
T,49.203485151,20.220466516,2035.8,,
T,49.205000395,20.221868076,1729.5,,
T,49.204144686,20.218219484,1801.6,,
T,49.200299504,20.207164653,2390.7,,
T,49.199842339,20.206524258,2418.0,,
T,49.197965397,20.204548456,2423.4,,
T,49.197486573,20.207233045,2547.9,,
T,49.198372928,20.215989416,2493.2,,
T,49.200230529,20.220389763,2493.1,,
T,49.200695169,20.219516802,2445.1,,
T,49.201440145,20.216421406,2210.9,,
T,49.200660603,20.209988941,2257.8,,
T,49.200188508,20.209346480,2329.9,,
T,49.199890357,20.209351626,2334.9,,
T,49.198014513,20.210007287,2347.0,,
T,49.197299170,20.216194754,2320.7,,
T,49.199636260,20.225080435,2213.4,,
T,49.204193438,20.229238086,1982.4,,
T,49.204974924,20.229496443,1897.4,,
T,49.205769623,20.229537070,1841.1,,
T,49.206091739,20.229555289,1823.5,,
T,49.208981492,20.228544940,1569.3,,
T,49.209764806,20.227417531,1547.4,,
T,49.210217835,20.226502638,1545.7,,
T,49.210372318,20.225587073,1541.0,,
T,49.210526391,20.224670706,1532.7,,
T,49.210829093,20.224213810,1529.9,,
T,49.211699439,20.212814450,1908.0,,
T,49.211933923,20.211697979,1967.8,,
T,49.211516185,20.200939288,2302.7,,
T,49.210585966,20.198553650,2390.6,,
T,49.209873213,20.199646354,2312.9,,
T,49.210334060,20.204999068,1991.7,,
T,49.210362157,20.206106097,1954.2,,
T,49.210526519,20.207220904,1929.1,,
T,49.210690471,20.208113014,1931.2,,
T,49.212103105,20.215065250,1754.7,,
T,49.212553917,20.216657348,1739.1,,
T,49.210734797,20.216190144,1614.4,,
T,49.206872477,20.216634199,1605.9,,
T,49.204493908,20.217995620,1774.1,,
T,49.206729785,20.218462390,1597.1,,
T,49.207194963,20.218464768,1572.8,,
T,49.208869470,20.217324960,1553.5,,
T,49.209488372,20.210996355,1844.5,,
T,49.210207988,20.197619804,2297.4,,
T,49.210496969,20.195268007,2169.0,,
T,49.210080629,20.197382477,2278.5,,
T,49.210022219,20.198538733,2345.7,,
T,49.210000563,20.198998714,2363.1,,
T,49.209436511,20.208981265,1880.9,,
T,49.209318682,20.210550449,1850.0,,
T,49.209026721,20.219388424,1542.6,,
T,49.209440959,20.215496235,1574.7,,
T,49.208720203,20.205443646,2009.0,,
T,49.208704448,20.204782267,2036.8,,
T,49.208544224,20.204343072,2059.3,,
T,49.208057789,20.203254865,2114.8,,
T,49.207901587,20.208777816,1938.1,,
T,49.208270037,20.219385462,1549.9,,
T,49.208258621,20.220760496,1558.9,,
T,49.209019861,20.217096276,1555.1,,
T,49.209299621,20.215953055,1563.2,,
T,49.210159535,20.199649466,2340.4,,
T,49.211966520,20.189744586,2021.3,,
T,49.212724929,20.193225336,2101.3,,
T,49.212718589,20.193676648,2087.5,,
T,49.212945112,20.194496419,2044.1,,
T,49.213382138,20.195494316,1951.9,,
T,49.215042886,20.210351711,1875.8,,
T,49.215195484,20.211253468,1869.6,,
T,49.215283890,20.217350771,1925.8,,
T,49.215551582,20.216000312,1978.8,,
T,49.215413926,20.204811236,2041.2,,
T,49.215441852,20.203006394,2025.5,,
T,49.215452486,20.202776721,2022.6,,
T,49.215429643,20.201445245,2074.2,,
T,49.215399345,20.200568316,2127.8,,
T,49.216033208,20.191401346,1729.9,,
T,49.213852843,20.201287537,2125.7,,
T,49.212450625,20.213266117,1847.9,,
T,49.212094573,20.214839922,1759.1,,
T,49.211856677,20.216653259,1703.1,,
T,49.210583701,20.204128416,2031.9,,
T,49.210227214,20.202603603,2104.9,,
T,49.208527743,20.187382880,1941.5,,
T,49.207840614,20.184844072,2017.5,,
T,49.208996496,20.187345441,1909.1,,
T,49.209289029,20.188474547,1909.0,,
T,49.209889394,20.189135370,1905.7,,
T,49.209879730,20.189597986,1917.4,,
T,49.212931181,20.194285189,2048.3,,
T,49.214479260,20.194088217,1879.4,,
T,49.213117720,20.187979322,2053.5,,
T,49.211065613,20.183297491,1783.4,,
T,49.209673111,20.183158859,1820.4,,
T,49.211216491,20.187562143,1898.5,,
T,49.213773467,20.193291068,1970.0,,
T,49.214116516,20.193471929,1912.3,,
T,49.214147510,20.194119779,1893.9,,
T,49.213796303,20.193719756,1948.1,,
T,49.211035082,20.189180158,1926.7,,
T,49.208680608,20.187824550,1936.5,,
T,49.209082200,20.191024502,1962.4,,
T,49.212432651,20.201354553,2256.3,,
T,49.215860194,20.208343963,1933.6,,
T,49.216966502,20.211514621,1997.4,,
T,49.217356448,20.214889831,2027.9,,
T,49.217954435,20.222796979,1796.6,,
T,49.216658417,20.233867466,1534.9,,
T,49.212765630,20.244427581,1511.8,,
T,49.209889177,20.246947451,1692.9,,
T,49.208367608,20.245527864,1731.4,,
T,49.208021077,20.237734439,1789.3,,
T,49.208027864,20.236605424,1800.1,,
T,49.210217835,20.226502638,1545.7,,
T,49.210525602,20.225588666,1534.0,,
T,49.214205078,20.213953124,1835.1,,
T,49.216722033,20.211053472,1960.5,,
T,49.216611172,20.214888870,2093.2,,
T,49.216080968,20.218027352,2017.1,,
T,49.214200865,20.223976295,1581.3,,
T,49.211890026,20.227205589,1515.6,,
T,49.212030180,20.225136648,1527.6,,
T,49.213322139,20.219617048,1710.8,,
T,49.213563523,20.218477997,1752.5,,
T,49.214238095,20.208790384,1925.6,,
T,49.213442879,20.205063550,2119.3,,
T,49.210952412,20.207677670,1950.4,,
T,49.210828159,20.208117190,1941.1,,
T,49.209026532,20.219159150,1543.0,,
T,49.208875919,20.220075684,1542.7,,
T,49.208698589,20.224884263,1573.5,,
T,49.211732276,20.225136285,1527.7,,
T,49.214560750,20.222360755,1669.2,,
T,49.214644079,20.221212146,1723.1,,
T,49.214087976,20.221215503,1688.6,,
T,49.212609758,20.223984864,1570.8,,
T,49.209275334,20.229917646,1570.2,,
T,49.208959803,20.230594023,1589.1,,
T,49.207311217,20.233670387,1739.0,,
T,49.208429991,20.233964187,1678.0,,
T,49.211601878,20.234566394,1497.7,,
T,49.212064313,20.234576643,1488.6,,
T,49.212517603,20.234579987,1484.2,,
T,49.215333340,20.233417118,1520.5,,
T,49.217771588,20.226230410,1728.5,,
T,49.218047614,20.225087425,1743.4,,
T,49.218303975,20.223942648,1754.5,,
T,49.219758360,20.216008571,1868.2,,
T,49.219544711,20.214434660,1945.4,,
T,49.219717905,20.215107782,1915.2,,
T,49.220029370,20.215559510,1899.9,,
T,49.222892361,20.217143875,1749.1,,
T,49.222959336,20.218507691,1727.3,,
T,49.223014784,20.219647896,1680.7,,
T,49.222168448,20.221929359,1660.0,,
T,49.221011344,20.225813350,1638.0,,
T,49.220269256,20.227412347,1631.3,,
T,49.219536470,20.229242647,1613.9,,
T,49.219260456,20.231996713,1611.7,,
T,49.220453144,20.231541559,1609.2,,
T,49.221195192,20.231542073,1615.3,,
T,49.218983377,20.233379475,1595.6,,
T,49.215652891,20.236879094,1500.0,,
T,49.211887980,20.239616748,1511.8,,
T,49.211092017,20.239571464,1542.2,,
T,49.210255011,20.239713106,1645.8,,
T,49.207983959,20.239738199,1840.0,,
T,49.206274074,20.238732322,1947.1,,
T,49.204166334,20.237316494,1994.3,,
T,49.201143351,20.236261356,1901.1,,
T,49.200852492,20.236266335,1898.2,,
T,49.197484358,20.236980706,1830.5,,
T,49.197216041,20.238626949,1764.4,,
T,49.197513705,20.238858196,1757.5,,
T,49.201376252,20.241612834,1743.2,,
T,49.201958241,20.241822984,1762.9,,
T,49.206884359,20.244158270,1713.0,,
T,49.208903348,20.243863259,1791.7,,
T,49.206093258,20.242496312,1786.9,,
T,49.202239331,20.241344135,1791.5,,
T,49.199179758,20.241209879,1684.2,,
T,49.196956699,20.241223870,1661.3,,
T,49.196515306,20.241237455,1657.9,,
T,49.198890456,20.241683199,1667.6,,
T,49.201967835,20.242294501,1746.1,,
T,49.203288508,20.243413355,1774.1,,
T,49.201976889,20.242765794,1728.5,,
T,49.199017708,20.240269817,1715.3,,
T,49.194984030,20.236778361,1796.2,,
T,49.192482058,20.236144656,1728.7,,
T,49.194552747,20.237723552,1746.4,,
T,49.196645581,20.240047782,1703.9,,
T,49.196967480,20.241937824,1643.4,,
T,49.196970584,20.242175148,1636.6,,
T,49.194746208,20.242902553,1595.5,,
T,49.190417677,20.240391574,1568.3,,
T,49.185642531,20.235739202,1638.3,,
T,49.182814958,20.233665053,1652.7,,
T,49.187582244,20.234775740,1703.8,,
T,49.190556211,20.235939499,1683.2,,
T,49.190852835,20.235702953,1692.3,,
T,49.187585432,20.232236322,1765.0,,
T,49.184189120,20.228792049,1843.2,,
T,49.183749118,20.228554549,1858.4,,
T,49.180801645,20.226280259,1861.2,,
T,49.179766297,20.226053224,1862.6,,
T,49.180348819,20.226742533,1834.0,,
T,49.180920472,20.228356023,1765.4,,
T,49.178244998,20.227902721,1756.2,,
T,49.176580520,20.228155935,1697.7,,
T,49.180596908,20.230214179,1681.4,,
T,49.184913127,20.231797726,1728.8,,
T,49.181352327,20.229739685,1732.8,,
T,49.177527578,20.225387526,1806.8,,
T,49.172399256,20.219286226,1431.5,,
T,49.167324895,20.212603105,1455.9,,
T,49.167073776,20.211924614,1528.4,,
T,49.166525789,20.211479905,1580.4,,
T,49.163675780,20.207249534,1849.7,,
T,49.162014121,20.204965544,1797.1,,
T,49.162054443,20.203403736,1834.8,,
T,49.162351676,20.200114377,1967.7,,
T,49.162243301,20.199017882,2000.9,,
T,49.161776441,20.198997486,1974.9,,
T,49.160981936,20.198953218,1922.7,,
T,49.161044210,20.196299590,1984.2,,
T,49.162266113,20.188207597,2131.3,,
T,49.162592514,20.186911103,2154.6,,
T,49.162594758,20.185799163,2162.3,,
T,49.164359184,20.173736173,2024.8,,
T,49.165259040,20.169070179,2022.5,,
T,49.165987871,20.166595196,2056.2,,
T,49.166574513,20.165028954,2051.0,,
T,49.167168670,20.164379614,2046.1,,
T,49.167901638,20.162590322,2046.3,,
T,49.168797388,20.161072977,2057.1,,
T,49.171005589,20.158959137,2250.6,,
T,49.173259873,20.156468820,2174.4,,
T,49.173392583,20.156412471,2160.2,,
T,49.175521493,20.155006869,2024.7,,
T,49.178166698,20.154862385,2113.2,,
T,49.180490115,20.156309178,2038.1,,
T,49.183277286,20.158645914,2075.6,,
T,49.183570378,20.158883071,2082.4,,
T,49.185181633,20.160358296,2106.8,,
T,49.185180945,20.160771294,2094.7,,
T,49.180615590,20.164942916,1992.9,,
T,49.179880460,20.165381607,1994.2,,
T,49.173529805,20.171991265,1951.3,,
T,49.172972763,20.172765848,1989.2,,
T,49.172813160,20.173176897,1985.7,,
T,49.174096658,20.171467221,1903.6,,
T,49.181208433,20.162730956,2004.1,,
T,49.182098871,20.161715256,2054.0,,
T,49.182689762,20.160643248,2070.0,,
T,49.188116998,20.147667454,1845.9,,
T,49.188709214,20.145828629,1838.0,,
T,49.186935989,20.147759078,1873.8,,
T,49.186493217,20.148552324,1924.0,,
T,49.179144297,20.160620426,1979.5,,
T,49.178410572,20.161977505,1975.7,,
T,49.171324340,20.176051813,1933.0,,
T,49.170170730,20.179131540,2183.0,,
T,49.171920664,20.177652162,1958.1,,
T,49.172477795,20.177118478,1905.1,,
T,49.179848298,20.169695865,1911.9,,
T,49.181340393,20.168034903,1982.2,,
T,49.180125279,20.171848620,1860.7,,
T,49.176006823,20.185966054,1614.6,,
T,49.175557051,20.186873554,1627.5,,
T,49.171383756,20.202258889,1452.8,,
T,49.171503946,20.205460150,1412.2,,
T,49.178438895,20.195917569,1791.1,,
T,49.179065268,20.194872131,1896.7,,
T,49.179682063,20.193593884,2007.4,,
T,49.185894389,20.179764204,2102.5,,
T,49.188079334,20.180385691,2214.4,,
T,49.192129234,20.189997056,2249.7,,
T,49.192436409,20.191005150,2119.1,,
T,49.197301407,20.201602705,2304.9,,
T,49.198554062,20.202775469,2434.9,,
T,49.198565572,20.201219267,2431.5,,
T,49.198007725,20.200527672,2387.7,,
T,49.196053357,20.201502619,2184.7,,
T,49.197184024,20.207904268,2590.2,,
T,49.197611944,20.208562136,2548.8,,
T,49.197804121,20.209395995,2425.6,,
T,49.201986405,20.215066493,2034.6,,
T,49.207023547,20.215948601,1610.8,,
T,49.208710937,20.216637400,1561.6,,
T,49.209324620,20.219389621,1542.1,,
T,49.209760649,20.224663120,1550.8,,
T,49.210507297,20.232923784,1542.8,,
T,49.210341304,20.236353868,1546.4,,
T,49.209496155,20.236955729,1669.7,,
T,49.207407053,20.235895977,1823.8,,
T,49.206783969,20.235638054,1876.7,,
T,49.206628141,20.235629930,1885.8,,
T,49.203451298,20.235759735,1968.6,,
T,49.202589861,20.236006616,1933.2,,
T,49.205443119,20.232002853,1857.0,,
T,49.206399841,20.230698312,1805.0,,